2.511886431509579437e-02 -4.682259828834160942e+01
5.081594425605604620e-02 -4.753604745767496098e+01
7.638357835776907190e-02 -4.779045486443443025e+01
1.020939483707680034e-01 -4.791466879016694236e+01
1.276438808811343473e-01 -4.937264343427941071e+01
1.534616982799294205e-01 -4.979263645771751357e+01
1.790605854035294264e-01 -4.995239934512403579e+01
2.046444636724674415e-01 -4.998777326727797288e+01
2.301441817408508284e-01 -4.997678280581055077e+01
2.558585886905646034e-01 -4.992746398978002276e+01
2.818382931264453717e-01 -4.989080027666598482e+01
3.069021988391157363e-01 -4.983262693848875102e+01
3.326595532940045952e-01 -4.972931936654554619e+01
3.580964371026360005e-01 -4.966401190614622863e+01
3.837072454922787479e-01 -4.958222148894961379e+01
4.092606597300108562e-01 -4.950190939367303855e+01
4.355118736855685957e-01 -4.941194679676356571e+01
4.613175745603794176e-01 -4.932579373265628675e+01
4.864072056914615638e-01 -4.926991046665839491e+01
5.128613839913648276e-01 -4.912560817586957285e+01
5.382697825162883198e-01 -4.904989821295323082e+01
5.636376558259543756e-01 -4.895975951975312768e+01
5.888436553555890240e-01 -4.885716767992030896e+01
6.151768727098680944e-01 -4.875121885956239254e+01
6.412095765851616447e-01 -4.863738643342020396e+01
6.668067692136221414e-01 -4.855299448679903662e+01
6.918309709189365275e-01 -4.847382124795400671e+01
7.177942912713617396e-01 -4.839915544489230825e+01
7.430191378967013760e-01 -4.828725567797227569e+01
7.691304402866095957e-01 -4.821421484418425507e+01
7.943282347242814900e-01 -4.814875029159355790e+01
