2.511886431509579437e-02 -3.454474607197652603e+01
5.081594425605604620e-02 -3.557029225480231815e+01
7.638357835776907190e-02 -3.547319700673053688e+01
1.020939483707680034e-01 -3.553618597750386954e+01
1.276438808811343473e-01 -3.594947641459211241e+01
1.534616982799294205e-01 -3.642334301559016296e+01
1.790605854035294264e-01 -3.698480298245378606e+01
2.046444636724674415e-01 -3.756581475763159972e+01
2.301441817408508284e-01 -3.814998210403171441e+01
2.558585886905646034e-01 -3.874734885242482818e+01
2.818382931264453717e-01 -3.932803357439879477e+01
3.069021988391157363e-01 -3.986611898334017923e+01
3.326595532940045952e-01 -4.039646531131963769e+01
3.580964371026360005e-01 -4.087215425314915507e+01
3.837072454922787479e-01 -4.129248259698799473e+01
4.092606597300108562e-01 -4.163453878327118929e+01
4.355118736855685957e-01 -4.190449234868726336e+01
4.613175745603794176e-01 -4.213692610210323153e+01
4.864072056914615638e-01 -4.227339691973973146e+01
5.128613839913648276e-01 -4.231045893313761752e+01
5.382697825162883198e-01 -4.229687886033787692e+01
5.636376558259543756e-01 -4.223759477003171270e+01
5.888436553555890240e-01 -4.211852240903128575e+01
6.151768727098680944e-01 -4.192950641366632425e+01
6.412095765851616447e-01 -4.172457758032955866e+01
6.668067692136221414e-01 -4.148997890888576734e+01
6.918309709189365275e-01 -4.124032873242764907e+01
7.177942912713617396e-01 -4.096941649183327172e+01
7.430191378967013760e-01 -4.070560067443817331e+01
7.691304402866095957e-01 -4.041159379901163362e+01
7.943282347242814900e-01 -4.013740056160452241e+01
