6.918309709189363055e-02 -3.558004501619674897e+01
1.069054879222657295e-01 -3.156934395420462636e+01
1.430013090881850635e-01 -2.959432191573834814e+01
1.747210677787641997e-01 -2.833276609400684976e+01
2.023691093679611808e-01 -2.737107904418519411e+01
2.288441571742559077e-01 -2.672792066751310358e+01
2.552974035717613388e-01 -2.583029131482383534e+01
2.802594523792587000e-01 -2.552690650051478372e+01
3.048329568223489550e-01 -2.525124356727665642e+01
3.258341160836837336e-01 -2.503190997099567383e+01
3.466668793050656228e-01 -2.485816660208876527e+01
3.661085683585907358e-01 -2.473069565632378186e+01
3.859212456509020783e-01 -2.462596170138895246e+01
4.052869077319075641e-01 -2.452386566157084147e+01
4.240925735764377036e-01 -2.440984320967902832e+01
4.419107376363038964e-01 -2.430331842586674185e+01
4.600794739243277975e-01 -2.420427967140738801e+01
4.785335052517001309e-01 -2.413026375712826876e+01
4.949889595959590105e-01 -2.408202308880942155e+01
5.091310916730596992e-01 -2.402731155535199292e+01
5.239738593195818472e-01 -2.394990087456654493e+01
5.380356788574782723e-01 -2.385849987563421237e+01
5.519370255502471512e-01 -2.377401649684469476e+01
5.660671779470934917e-01 -2.369922487454050852e+01
5.790607911068330615e-01 -2.364414007180332788e+01
5.925731114586282322e-01 -2.361766886966321977e+01
6.049430098019933366e-01 -2.356650513517767820e+01
6.186170807305768626e-01 -2.349886003098939824e+01
6.310021980534901154e-01 -2.343644498564800216e+01
6.447225777633069921e-01 -2.334029318153882571e+01
6.560044196114368509e-01 -2.328757549421685269e+01
6.684467040384861614e-01 -2.324583481877962043e+01
6.803649639228999124e-01 -2.319887823181395703e+01
6.916876207964992584e-01 -2.318241585008693306e+01
7.043120819766955920e-01 -2.312773872070329872e+01
7.163056484489599418e-01 -2.304477214438846744e+01
7.275947031903935436e-01 -2.299802536984407908e+01
7.402405625197464589e-01 -2.290947805671497051e+01
7.494474625834471881e-01 -2.285133423680134257e+01
7.577742240984973732e-01 -2.284695495509012630e+01
7.671578530430330778e-01 -2.279919252662706342e+01
7.758971425463475624e-01 -2.276487558510570253e+01
7.848399962526019236e-01 -2.271336860198441343e+01
7.939911557812042719e-01 -2.260738228270807326e+01
8.024093087441421801e-01 -2.257050979192783657e+01
8.119697101329879096e-01 -2.251045755462127929e+01
8.207643247418626720e-01 -2.245403125257775656e+01
8.297430940400554178e-01 -2.246782018505565048e+01
8.367996227666132381e-01 -2.239657649245758719e+01
8.426551541791446054e-01 -2.234795376098976760e+01
8.493728520663886838e-01 -2.232725586818846253e+01
8.554621372639256149e-01 -2.221035094349225147e+01
8.616646307255421133e-01 -2.218001434126062676e+01
8.679824371500065583e-01 -2.215187842047516042e+01
8.744177003653592628e-01 -2.206952101204363714e+01
8.801466226256193792e-01 -2.209565497158649094e+01
8.868080349335113466e-01 -2.204926924380285413e+01
8.927382839347345334e-01 -2.195812955355237150e+01
8.996337927042702409e-01 -2.194588942764573503e+01
9.057724435043446043e-01 -2.194426996949978914e+01
9.120108393559096527e-01 -2.185973494036738174e+01
