6.918309709189363055e-02 -3.454474607197652603e+01
1.430013090881850635e-01 -3.557029225480231815e+01
2.023691093679611808e-01 -3.547319700673053688e+01
2.552974035717613388e-01 -3.553618597750386954e+01
3.048329568223489550e-01 -3.594947641459211241e+01
3.466668793050656228e-01 -3.642334301559016296e+01
3.859212456509020783e-01 -3.698480298245378606e+01
4.240925735764377036e-01 -3.756581475763159972e+01
4.600794739243277975e-01 -3.814998210403171441e+01
4.949889595959590105e-01 -3.874734885242482818e+01
5.239738593195818472e-01 -3.932803357439879477e+01
5.519370255502471512e-01 -3.986611898334017923e+01
5.790607911068330615e-01 -4.039646531131963769e+01
6.049430098019933366e-01 -4.087215425314915507e+01
6.310021980534901154e-01 -4.129248259698799473e+01
6.560044196114368509e-01 -4.163453878327118929e+01
6.803649639228999124e-01 -4.190449234868726336e+01
7.043120819766955920e-01 -4.213692610210323153e+01
7.275947031903935436e-01 -4.227339691973973146e+01
7.494474625834471881e-01 -4.231045893313761752e+01
7.671578530430330778e-01 -4.229687886033787692e+01
7.848399962526019236e-01 -4.223759477003171270e+01
8.024093087441421801e-01 -4.211852240903128575e+01
8.207643247418626720e-01 -4.192950641366632425e+01
8.367996227666132381e-01 -4.172457758032955866e+01
8.493728520663886838e-01 -4.148997890888576734e+01
8.616646307255421133e-01 -4.124032873242764907e+01
8.744177003653592628e-01 -4.096941649183327172e+01
8.868080349335113466e-01 -4.070560067443817331e+01
8.996337927042702409e-01 -4.041159379901163362e+01
9.120108393559096527e-01 -4.013740056160452241e+01
