-1.228799999999999955e+02 -9.469333551633070556e+01
-1.223999999999999915e+02 -9.508927790596884222e+01
-1.219200000000000017e+02 -9.513890376004849259e+01
-1.214399999999999977e+02 -9.480495452280264601e+01
-1.209599999999999937e+02 -9.474775632784569268e+01
-1.204799999999999898e+02 -9.476621788498496812e+01
-1.200000000000000000e+02 -9.475878669052933390e+01
-1.195199999999999960e+02 -9.459748743139411431e+01
-1.190399999999999920e+02 -9.407859930998883158e+01
-1.185600000000000023e+02 -9.387075896956847032e+01
-1.180799999999999983e+02 -9.384781241184910527e+01
-1.175999999999999943e+02 -9.379269238138920173e+01
-1.171199999999999903e+02 -9.355119100956024170e+01
-1.166400000000000006e+02 -9.375470605433598337e+01
-1.161599999999999966e+02 -9.398607242246742999e+01
-1.156799999999999926e+02 -9.371165815420104650e+01
-1.151999999999999886e+02 -9.333412439884833134e+01
-1.147199999999999989e+02 -9.345329184527474808e+01
-1.142399999999999949e+02 -9.345483536668893976e+01
-1.137599999999999909e+02 -9.349374407221554861e+01
-1.132800000000000011e+02 -9.324112088792875852e+01
-1.127999999999999972e+02 -9.312948045687363674e+01
-1.123199999999999932e+02 -9.313892962584951363e+01
-1.118399999999999892e+02 -9.331792678131827756e+01
-1.113599999999999994e+02 -9.293562845937069028e+01
-1.108799999999999955e+02 -9.278887513316547597e+01
-1.103999999999999915e+02 -9.258174300644689936e+01
-1.099200000000000017e+02 -9.242718824238554021e+01
-1.094399999999999977e+02 -9.214327998783672058e+01
-1.089599999999999937e+02 -9.175080538035797417e+01
-1.084799999999999898e+02 -9.113040488042436493e+01
-1.080000000000000000e+02 -9.074134858011333904e+01
-1.075199999999999960e+02 -9.025052959694227184e+01
-1.070399999999999920e+02 -8.978668504978733722e+01
-1.065600000000000023e+02 -8.918149669390209056e+01
-1.060799999999999983e+02 -8.870868255209146014e+01
-1.055999999999999943e+02 -8.815663416127858909e+01
-1.051199999999999903e+02 -8.763615940862658249e+01
-1.046400000000000006e+02 -8.711999312650928573e+01
-1.041599999999999966e+02 -8.713150651537601732e+01
-1.036799999999999926e+02 -8.689829787524485027e+01
-1.032000000000000028e+02 -8.656225945728465376e+01
-1.027199999999999989e+02 -8.636213989474030939e+01
-1.022399999999999949e+02 -8.601813086034019307e+01
-1.017599999999999909e+02 -8.572193310534883892e+01
-1.012800000000000011e+02 -8.558838709238554543e+01
-1.007999999999999972e+02 -8.554932726571374246e+01
-1.003199999999999932e+02 -8.579582817381840698e+01
-9.984000000000000341e+01 -8.553376761571331599e+01
-9.935999999999999943e+01 -8.540455728660532486e+01
-9.887999999999999545e+01 -8.569825750454032232e+01
-9.839999999999999147e+01 -8.566278657427609744e+01
-9.792000000000000171e+01 -8.542525282249988550e+01
-9.743999999999999773e+01 -8.531774015846154668e+01
-9.695999999999999375e+01 -8.526563068377662091e+01
-9.647999999999998977e+01 -8.537685939246648559e+01
-9.600000000000000000e+01 -8.554867121903885163e+01
-9.551999999999999602e+01 -8.567644465663724418e+01
-9.503999999999999204e+01 -8.579024545789836509e+01
-9.456000000000000227e+01 -8.580169710768336699e+01
-9.407999999999999829e+01 -8.555882332643130894e+01
-9.359999999999999432e+01 -8.537159372056424900e+01
-9.311999999999999034e+01 -8.566854955144351891e+01
-9.264000000000000057e+01 -8.571133530311541904e+01
-9.215999999999999659e+01 -8.550092746677621847e+01
-9.167999999999999261e+01 -8.564578027465201160e+01
-9.120000000000000284e+01 -8.598878299444244533e+01
-9.071999999999999886e+01 -8.611968495577995952e+01
-9.023999999999999488e+01 -8.592039922185870182e+01
-8.975999999999999091e+01 -8.556615346625713414e+01
-8.928000000000000114e+01 -8.542963005834862145e+01
-8.879999999999999716e+01 -8.552668294493635415e+01
-8.831999999999999318e+01 -8.560815782006018537e+01
-8.784000000000000341e+01 -8.556567883958992127e+01
-8.735999999999999943e+01 -8.554417195945293884e+01
-8.687999999999999545e+01 -8.559861080674923528e+01
-8.639999999999999147e+01 -8.547211602549469944e+01
-8.592000000000000171e+01 -8.534906985809317348e+01
-8.543999999999999773e+01 -8.532280245000585239e+01
-8.495999999999999375e+01 -8.538365883120025046e+01
-8.447999999999998977e+01 -8.539460296754712942e+01
-8.400000000000000000e+01 -8.538000861117753004e+01
-8.351999999999999602e+01 -8.515580868076240506e+01
-8.303999999999999204e+01 -8.493446209301899330e+01
-8.256000000000000227e+01 -8.527864265612728900e+01
-8.207999999999999829e+01 -8.520412726851336060e+01
-8.159999999999999432e+01 -8.513442340256634111e+01
-8.111999999999999034e+01 -8.489295416564544894e+01
-8.064000000000000057e+01 -8.477271094014105302e+01
-8.015999999999999659e+01 -8.457637259844162259e+01
-7.967999999999999261e+01 -8.447595614892216531e+01
-7.920000000000000284e+01 -8.450873019839910683e+01
-7.871999999999999886e+01 -8.470575102199541107e+01
-7.823999999999999488e+01 -8.471983473526486819e+01
-7.775999999999999091e+01 -8.455209899576608734e+01
-7.728000000000000114e+01 -8.421774617799121643e+01
-7.679999999999999716e+01 -8.401185473225295652e+01
-7.631999999999999318e+01 -8.391368593395931441e+01
-7.584000000000000341e+01 -8.371172905757538274e+01
-7.535999999999999943e+01 -8.369934360869518741e+01
-7.487999999999999545e+01 -8.348963936806094921e+01
-7.439999999999999147e+01 -8.332472833558712466e+01
-7.392000000000000171e+01 -8.327548303245799843e+01
-7.343999999999999773e+01 -8.322634029590331295e+01
-7.295999999999999375e+01 -8.316081511256470549e+01
-7.248000000000000398e+01 -8.321223710852926558e+01
-7.200000000000000000e+01 -8.301272890433958196e+01
-7.151999999999999602e+01 -8.303235121861084167e+01
-7.103999999999999204e+01 -8.292462170260941434e+01
-7.056000000000000227e+01 -8.267703117357865494e+01
-7.007999999999999829e+01 -8.242053891518212083e+01
-6.959999999999999432e+01 -8.244683463896848252e+01
-6.912000000000000455e+01 -8.207318253221370696e+01
-6.864000000000000057e+01 -8.178420280042958268e+01
-6.815999999999999659e+01 -8.182448195125499524e+01
-6.767999999999999261e+01 -8.181907144791509268e+01
-6.720000000000000284e+01 -8.181067366941579166e+01
-6.671999999999999886e+01 -8.172209745285363169e+01
-6.623999999999999488e+01 -8.149705715352354218e+01
-6.575999999999999091e+01 -8.143317925622287135e+01
-6.528000000000000114e+01 -8.156106825608642907e+01
-6.479999999999999716e+01 -8.161784604477134053e+01
-6.431999999999999318e+01 -8.153476556036059719e+01
-6.383999999999999631e+01 -8.142557902326598196e+01
-6.335999999999999943e+01 -8.135124211540994565e+01
-6.287999999999999545e+01 -8.112071535642343179e+01
-6.239999999999999858e+01 -8.111841968606084663e+01
-6.191999999999999460e+01 -8.110748010694101140e+01
-6.143999999999999773e+01 -8.101324875559264171e+01
-6.096000000000000085e+01 -8.093396947131108732e+01
-6.047999999999999687e+01 -8.104177009171854706e+01
-6.000000000000000000e+01 -8.127129278806717139e+01
-5.951999999999999602e+01 -8.126807346970304025e+01
-5.903999999999999915e+01 -8.104453817640381885e+01
-5.855999999999999517e+01 -8.109796752575270773e+01
-5.807999999999999829e+01 -8.120179658981766124e+01
-5.759999999999999432e+01 -8.107453634844971191e+01
-5.711999999999999744e+01 -8.071312951964452509e+01
-5.664000000000000057e+01 -8.053929811151265028e+01
-5.615999999999999659e+01 -8.051307488879032803e+01
-5.567999999999999972e+01 -8.072319187232807280e+01
-5.519999999999999574e+01 -8.058770373782452623e+01
-5.471999999999999886e+01 -8.052572923023085139e+01
-5.423999999999999488e+01 -8.073347734645702189e+01
-5.375999999999999801e+01 -8.071321187162840260e+01
-5.328000000000000114e+01 -8.053959361159459718e+01
-5.279999999999999716e+01 -8.039260211605453321e+01
-5.232000000000000028e+01 -8.047697129383003301e+01
-5.183999999999999631e+01 -8.035373221272374167e+01
-5.135999999999999943e+01 -8.010938549466530390e+01
-5.087999999999999545e+01 -7.969304916434775521e+01
-5.039999999999999858e+01 -7.944643213876818777e+01
-4.992000000000000171e+01 -7.936810232703257384e+01
-4.943999999999999773e+01 -7.943136975700504365e+01
-4.896000000000000085e+01 -7.940699091819617195e+01
-4.847999999999999687e+01 -7.918490151143241462e+01
-4.800000000000000000e+01 -7.871496422459384235e+01
-4.751999999999999602e+01 -7.820320805080424975e+01
-4.703999999999999915e+01 -7.812951725398283997e+01
-4.655999999999999517e+01 -7.789580273882386052e+01
-4.607999999999999829e+01 -7.772499894422108468e+01
-4.560000000000000142e+01 -7.755674904276732207e+01
-4.511999999999999744e+01 -7.707588641002860186e+01
-4.464000000000000057e+01 -7.691938836135074098e+01
-4.415999999999999659e+01 -7.675125204295896708e+01
-4.367999999999999972e+01 -7.657898062343453205e+01
-4.319999999999999574e+01 -7.620414521138506814e+01
-4.271999999999999886e+01 -7.583340644025101085e+01
-4.223999999999999488e+01 -7.552097809028592224e+01
-4.175999999999999801e+01 -7.511013791924000316e+01
-4.128000000000000114e+01 -7.497759600792078061e+01
-4.079999999999999716e+01 -7.492269677006292738e+01
-4.032000000000000028e+01 -7.457563350886653097e+01
-3.983999999999999631e+01 -7.449806697089790930e+01
-3.935999999999999943e+01 -7.421240809834598906e+01
-3.887999999999999545e+01 -7.356879525094829830e+01
-3.839999999999999858e+01 -7.315684493049595005e+01
-3.792000000000000171e+01 -7.314767595962281632e+01
-3.743999999999999773e+01 -7.307086566033996178e+01
-3.696000000000000085e+01 -7.306235941632975539e+01
-3.647999999999999687e+01 -7.276546859020102431e+01
-3.600000000000000000e+01 -7.224002443928020512e+01
-3.551999999999999602e+01 -7.185326119410034096e+01
-3.503999999999999915e+01 -7.166775995788040632e+01
-3.456000000000000227e+01 -7.195183569079756580e+01
-3.407999999999999829e+01 -7.191767793973994571e+01
-3.360000000000000142e+01 -7.150777307584517928e+01
-3.311999999999999744e+01 -7.128284766639940528e+01
-3.264000000000000057e+01 -7.096551753426719245e+01
-3.215999999999999659e+01 -7.080076810311291524e+01
-3.167999999999999972e+01 -7.089960096862944283e+01
-3.119999999999999929e+01 -7.068390235353628270e+01
-3.071999999999999886e+01 -7.080325212060225226e+01
-3.023999999999999844e+01 -7.086679868540501559e+01
-2.975999999999999801e+01 -7.044003532830525671e+01
-2.927999999999999758e+01 -7.012488444482839611e+01
-2.879999999999999716e+01 -7.006907365492581619e+01
-2.832000000000000028e+01 -6.984297729189074744e+01
-2.783999999999999986e+01 -6.978564733101124773e+01
-2.735999999999999943e+01 -6.997520009623679016e+01
-2.687999999999999901e+01 -6.991783912948461932e+01
-2.639999999999999858e+01 -6.954001741351694932e+01
-2.591999999999999815e+01 -6.964105357531386176e+01
-2.543999999999999773e+01 -6.961597200148878528e+01
-2.496000000000000085e+01 -6.963853541918888368e+01
-2.448000000000000043e+01 -6.981640397717572455e+01
-2.400000000000000000e+01 -6.958252960134943521e+01
-2.351999999999999957e+01 -6.941750176506889147e+01
-2.303999999999999915e+01 -6.935736622326871270e+01
-2.255999999999999872e+01 -6.938067727599715795e+01
-2.207999999999999829e+01 -6.971487809412651870e+01
-2.159999999999999787e+01 -6.963949161618664618e+01
-2.111999999999999744e+01 -6.922305510633565007e+01
-2.064000000000000057e+01 -6.907873569258285329e+01
-2.016000000000000014e+01 -6.908050730910149184e+01
-1.967999999999999972e+01 -6.919130387509305535e+01
-1.919999999999999929e+01 -6.935969610446895217e+01
-1.871999999999999886e+01 -6.929967842872738970e+01
-1.823999999999999844e+01 -6.943104369006786669e+01
-1.775999999999999801e+01 -6.936487157805140669e+01
-1.728000000000000114e+01 -6.911534100597204144e+01
-1.680000000000000071e+01 -6.915256360695221360e+01
-1.632000000000000028e+01 -6.912789853824553177e+01
-1.583999999999999986e+01 -6.900849889505265367e+01
-1.535999999999999943e+01 -6.903996570283459278e+01
-1.487999999999999901e+01 -6.908237920703625434e+01
-1.439999999999999858e+01 -6.892543755992332422e+01
-1.391999999999999993e+01 -6.881889806657467545e+01
-1.343999999999999950e+01 -6.880525678644421816e+01
-1.295999999999999908e+01 -6.855243638851342780e+01
-1.248000000000000043e+01 -6.827210568470027852e+01
-1.200000000000000000e+01 -6.754849780039960194e+01
-1.151999999999999957e+01 -6.538720234432294376e+01
-1.103999999999999915e+01 -6.221873467453142581e+01
-1.055999999999999872e+01 -5.193948090836343567e+01
-1.008000000000000007e+01 -3.406218617964614026e+01
-9.599999999999999645e+00 -2.570133531322600717e+01
-9.119999999999999218e+00 -2.308729644703058881e+01
-8.640000000000000568e+00 -2.287277577647844851e+01
-8.160000000000000142e+00 -2.285608695641455412e+01
-7.679999999999999716e+00 -2.266969146267220481e+01
-7.199999999999999289e+00 -2.256671579264253324e+01
-6.719999999999999751e+00 -2.271688424004457119e+01
-6.240000000000000213e+00 -2.267265531447212368e+01
-5.759999999999999787e+00 -2.251616488708576469e+01
-5.279999999999999361e+00 -2.253517847078470737e+01
-4.799999999999999822e+00 -2.250975999801679706e+01
-4.320000000000000284e+00 -2.272015828367429080e+01
-3.839999999999999858e+00 -2.281943202348778499e+01
-3.359999999999999876e+00 -2.281223494269075758e+01
-2.879999999999999893e+00 -2.282117402078656099e+01
-2.399999999999999911e+00 -2.269325536087537643e+01
-1.919999999999999929e+00 -2.269696724786022557e+01
-1.439999999999999947e+00 -2.268617072216143171e+01
-9.599999999999999645e-01 -2.262830120617081064e+01
-4.799999999999999822e-01 -2.272995955058009088e+01
0.000000000000000000e+00 -2.278949579756598354e+01
4.799999999999999822e-01 -2.258410286503872300e+01
9.599999999999999645e-01 -2.220422190555435193e+01
1.439999999999999947e+00 -2.254481862536184167e+01
1.919999999999999929e+00 -2.290051709850028061e+01
2.399999999999999911e+00 -2.268508200431914190e+01
2.879999999999999893e+00 -2.252547522306257122e+01
3.359999999999999876e+00 -2.236720770906659794e+01
3.839999999999999858e+00 -2.260636857824952983e+01
4.320000000000000284e+00 -2.290931120996898684e+01
4.799999999999999822e+00 -2.285116435697693760e+01
5.279999999999999361e+00 -2.275771657595129227e+01
5.759999999999999787e+00 -2.275153950432753902e+01
6.240000000000000213e+00 -2.283470177306577398e+01
6.719999999999999751e+00 -2.277972261740437787e+01
7.199999999999999289e+00 -2.266536636481982114e+01
7.679999999999999716e+00 -2.287703711702454967e+01
8.160000000000000142e+00 -2.282504752917870405e+01
8.640000000000000568e+00 -2.273744897325681436e+01
9.119999999999999218e+00 -2.306210144824765251e+01
9.599999999999999645e+00 -2.578898585637735152e+01
1.008000000000000007e+01 -3.430191706973715782e+01
1.055999999999999872e+01 -5.213322232459356087e+01
1.103999999999999915e+01 -6.133346398067467220e+01
1.151999999999999957e+01 -6.476498410682141582e+01
1.200000000000000000e+01 -6.697624926592746419e+01
1.248000000000000043e+01 -6.772339545439527342e+01
1.295999999999999908e+01 -6.799099760696206829e+01
1.343999999999999950e+01 -6.802599494804694302e+01
1.391999999999999993e+01 -6.825827167613854840e+01
1.439999999999999858e+01 -6.847918637435337530e+01
1.487999999999999901e+01 -6.865112415146404601e+01
1.535999999999999943e+01 -6.892542049690985095e+01
1.583999999999999986e+01 -6.897242992038111709e+01
1.632000000000000028e+01 -6.887060020578817898e+01
1.680000000000000071e+01 -6.885338191401348240e+01
1.728000000000000114e+01 -6.908693183263717685e+01
1.775999999999999801e+01 -6.911403036562992952e+01
1.823999999999999844e+01 -6.890291359183476061e+01
1.871999999999999886e+01 -6.883371833051528199e+01
1.919999999999999929e+01 -6.907440542322471799e+01
1.967999999999999972e+01 -6.938846476370736127e+01
2.016000000000000014e+01 -6.975160353598565166e+01
2.064000000000000057e+01 -7.000133825593113102e+01
2.111999999999999744e+01 -6.999923466007351180e+01
2.159999999999999787e+01 -6.983525705608960266e+01
2.207999999999999829e+01 -6.975317056195662246e+01
2.255999999999999872e+01 -6.983302185578244803e+01
2.303999999999999915e+01 -6.996628464344250631e+01
2.351999999999999957e+01 -7.019442642958014744e+01
2.400000000000000000e+01 -7.020211336628352683e+01
2.448000000000000043e+01 -7.036022192833104327e+01
2.496000000000000085e+01 -7.061214124996445207e+01
2.543999999999999773e+01 -7.056493621616772316e+01
2.591999999999999815e+01 -7.081336055825653375e+01
2.639999999999999858e+01 -7.120326266531404258e+01
2.687999999999999901e+01 -7.117712676416428508e+01
2.735999999999999943e+01 -7.127933527849000939e+01
2.783999999999999986e+01 -7.140117358912783629e+01
2.832000000000000028e+01 -7.135740448428865079e+01
2.879999999999999716e+01 -7.154975253490239595e+01
2.927999999999999758e+01 -7.157597866267691700e+01
2.975999999999999801e+01 -7.174349876196518494e+01
3.023999999999999844e+01 -7.195035043607039427e+01
3.071999999999999886e+01 -7.207072395772739526e+01
3.119999999999999929e+01 -7.199814922284909358e+01
3.167999999999999972e+01 -7.225930594958202846e+01
3.215999999999999659e+01 -7.240815110316107450e+01
3.264000000000000057e+01 -7.247581308492445373e+01
3.311999999999999744e+01 -7.270541088599517821e+01
3.360000000000000142e+01 -7.310469747088504278e+01
3.407999999999999829e+01 -7.320495818620713635e+01
3.456000000000000227e+01 -7.329940097653880571e+01
3.503999999999999915e+01 -7.371880793630906226e+01
3.551999999999999602e+01 -7.392828436272313297e+01
3.600000000000000000e+01 -7.390504920250745613e+01
3.647999999999999687e+01 -7.374130369885078551e+01
3.696000000000000085e+01 -7.411254343148473822e+01
3.743999999999999773e+01 -7.473065648894346680e+01
3.792000000000000171e+01 -7.496455423316392341e+01
3.839999999999999858e+01 -7.495418827291484831e+01
3.887999999999999545e+01 -7.506549711987932483e+01
3.935999999999999943e+01 -7.546009128680037747e+01
3.983999999999999631e+01 -7.576593915069535967e+01
4.032000000000000028e+01 -7.594707087337710050e+01
4.079999999999999716e+01 -7.596573278357629988e+01
4.128000000000000114e+01 -7.613519384030142589e+01
4.175999999999999801e+01 -7.637912739506475646e+01
4.223999999999999488e+01 -7.638031152517689293e+01
4.271999999999999886e+01 -7.666674160425640139e+01
4.319999999999999574e+01 -7.711268969364218151e+01
4.367999999999999972e+01 -7.721555481531447640e+01
4.415999999999999659e+01 -7.706022212638001179e+01
4.464000000000000057e+01 -7.718065519652778050e+01
4.511999999999999744e+01 -7.751698650896688036e+01
4.560000000000000142e+01 -7.810304249523788656e+01
4.607999999999999829e+01 -7.823908484533964725e+01
4.655999999999999517e+01 -7.845833046325009263e+01
4.703999999999999915e+01 -7.861000776998649542e+01
4.751999999999999602e+01 -7.862094708999674708e+01
4.800000000000000000e+01 -7.850099556275847590e+01
4.847999999999999687e+01 -7.891622836994473289e+01
4.896000000000000085e+01 -7.955544407393504969e+01
4.943999999999999773e+01 -7.995109513811650004e+01
4.992000000000000171e+01 -7.988469162056341588e+01
5.039999999999999858e+01 -7.999505469377017164e+01
5.087999999999999545e+01 -8.018430470103346863e+01
5.135999999999999943e+01 -8.012744267336216808e+01
5.183999999999999631e+01 -8.031120133666621541e+01
5.232000000000000028e+01 -8.062379082263521468e+01
5.279999999999999716e+01 -8.045563434095680577e+01
5.328000000000000114e+01 -8.065694727034922096e+01
5.375999999999999801e+01 -8.076108506540825260e+01
5.423999999999999488e+01 -8.084836101747823989e+01
5.471999999999999886e+01 -8.104390803919322650e+01
5.519999999999999574e+01 -8.125468484081980591e+01
5.567999999999999972e+01 -8.136591892332421594e+01
5.615999999999999659e+01 -8.158742436361507089e+01
5.664000000000000057e+01 -8.176104068656501056e+01
5.711999999999999744e+01 -8.188293140840274020e+01
5.759999999999999432e+01 -8.161056185381825401e+01
5.807999999999999829e+01 -8.173373806886934290e+01
5.855999999999999517e+01 -8.214359797508301142e+01
5.903999999999999915e+01 -8.229147314555446258e+01
5.951999999999999602e+01 -8.232530359973226552e+01
6.000000000000000000e+01 -8.234489062953647931e+01
6.047999999999999687e+01 -8.230998630633516200e+01
6.096000000000000085e+01 -8.249277165457164074e+01
6.143999999999999773e+01 -8.266784533738965024e+01
6.191999999999999460e+01 -8.278103119837881252e+01
6.239999999999999858e+01 -8.275393939301446267e+01
6.287999999999999545e+01 -8.279219462288752140e+01
6.335999999999999943e+01 -8.301863923599078987e+01
6.383999999999999631e+01 -8.286288959618164540e+01
6.431999999999999318e+01 -8.296433076002600160e+01
6.479999999999999716e+01 -8.318106716879751161e+01
6.528000000000000114e+01 -8.323217244476657584e+01
6.575999999999999091e+01 -8.319773779624084398e+01
6.623999999999999488e+01 -8.322168786985355382e+01
6.671999999999999886e+01 -8.327325555913731137e+01
6.720000000000000284e+01 -8.329670267108667758e+01
6.767999999999999261e+01 -8.350325690650160482e+01
6.815999999999999659e+01 -8.363097703299160912e+01
6.864000000000000057e+01 -8.358558115806656019e+01
6.912000000000000455e+01 -8.357150070155014987e+01
6.959999999999999432e+01 -8.346431239697238880e+01
7.007999999999999829e+01 -8.363217483629296112e+01
7.056000000000000227e+01 -8.379216926056975012e+01
7.103999999999999204e+01 -8.366507156321658556e+01
7.151999999999999602e+01 -8.364373420925787173e+01
7.200000000000000000e+01 -8.334732829806669940e+01
7.248000000000000398e+01 -8.332760079531598763e+01
7.295999999999999375e+01 -8.346481047303538503e+01
7.343999999999999773e+01 -8.367398266845114563e+01
7.392000000000000171e+01 -8.379330117251647891e+01
7.439999999999999147e+01 -8.390367826234241022e+01
7.487999999999999545e+01 -8.387630707654734863e+01
7.535999999999999943e+01 -8.386783320188175139e+01
7.584000000000000341e+01 -8.398736408383373941e+01
7.631999999999999318e+01 -8.430944469169469357e+01
7.679999999999999716e+01 -8.440844763172742660e+01
7.728000000000000114e+01 -8.426933412205207219e+01
7.775999999999999091e+01 -8.416425444442401727e+01
7.823999999999999488e+01 -8.399559544291265922e+01
7.871999999999999886e+01 -8.403904749457456091e+01
7.920000000000000284e+01 -8.417006750914005409e+01
7.967999999999999261e+01 -8.424965082331712551e+01
8.015999999999999659e+01 -8.428134415900515819e+01
8.064000000000000057e+01 -8.432547651172845349e+01
8.111999999999999034e+01 -8.439697549912649777e+01
8.159999999999999432e+01 -8.445449253031071635e+01
8.207999999999999829e+01 -8.450675107800680053e+01
8.256000000000000227e+01 -8.443907659073551031e+01
8.303999999999999204e+01 -8.425586356195937299e+01
8.351999999999999602e+01 -8.439686681833410375e+01
8.400000000000000000e+01 -8.440939420683390892e+01
8.447999999999998977e+01 -8.462887088922809653e+01
8.495999999999999375e+01 -8.497833365047398502e+01
8.543999999999999773e+01 -8.495139081448051854e+01
8.592000000000000171e+01 -8.473414814541122553e+01
8.639999999999999147e+01 -8.449896594081471335e+01
8.687999999999999545e+01 -8.454590466100832202e+01
8.735999999999999943e+01 -8.456635503338088711e+01
8.784000000000000341e+01 -8.480540732488613287e+01
8.831999999999999318e+01 -8.478557761582715102e+01
8.879999999999999716e+01 -8.466205031475153930e+01
8.928000000000000114e+01 -8.494822019750222353e+01
8.975999999999999091e+01 -8.489047621448040104e+01
9.023999999999999488e+01 -8.452272382037122611e+01
9.071999999999999886e+01 -8.456745197316232066e+01
9.120000000000000284e+01 -8.471955767134375037e+01
9.167999999999999261e+01 -8.466036726312296423e+01
9.215999999999999659e+01 -8.482897138072344490e+01
9.264000000000000057e+01 -8.510899605706471505e+01
9.311999999999999034e+01 -8.502793168501224841e+01
9.359999999999999432e+01 -8.509539263666133024e+01
9.407999999999999829e+01 -8.536180564116838809e+01
9.456000000000000227e+01 -8.531398669252169498e+01
9.503999999999999204e+01 -8.505664375670450283e+01
9.551999999999999602e+01 -8.516980381379167397e+01
9.600000000000000000e+01 -8.520576791273879280e+01
9.647999999999998977e+01 -8.539756619429903139e+01
9.695999999999999375e+01 -8.530149399931559628e+01
9.743999999999999773e+01 -8.501942054036602769e+01
9.792000000000000171e+01 -8.502610000444077798e+01
9.839999999999999147e+01 -8.516743408130800219e+01
9.887999999999999545e+01 -8.522733597463081878e+01
9.935999999999999943e+01 -8.519076714343347589e+01
9.984000000000000341e+01 -8.503227040476070897e+01
1.003199999999999932e+02 -8.525042551565647386e+01
1.007999999999999972e+02 -8.562665716023481366e+01
1.012800000000000011e+02 -8.582561858682279876e+01
1.017599999999999909e+02 -8.554603483521285057e+01
1.022399999999999949e+02 -8.569044781864360516e+01
1.027199999999999989e+02 -8.621627884714160928e+01
1.032000000000000028e+02 -8.650213779772730049e+01
1.036799999999999926e+02 -8.631063198696909922e+01
1.041599999999999966e+02 -8.670629128759712501e+01
1.046400000000000006e+02 -8.710664230285068754e+01
1.051199999999999903e+02 -8.745963406183876998e+01
1.055999999999999943e+02 -8.630811192877551719e+01
1.060799999999999983e+02 -8.525276489258999391e+01
1.065600000000000023e+02 -8.763196859634729208e+01
1.070399999999999920e+02 -8.946542229630321685e+01
1.075199999999999960e+02 -9.017701024094756690e+01
1.080000000000000000e+02 -9.096872951283700104e+01
1.084799999999999898e+02 -9.183716155702542494e+01
1.089599999999999937e+02 -9.267817051139103057e+01
1.094399999999999977e+02 -9.326484154691942763e+01
1.099200000000000017e+02 -9.390347040045188010e+01
1.103999999999999915e+02 -9.455747614573068915e+01
1.108799999999999955e+02 -9.508173372925074318e+01
1.113599999999999994e+02 -9.552075469390116780e+01
1.118399999999999892e+02 -9.548058166083438891e+01
1.123199999999999932e+02 -9.590872703624854978e+01
1.127999999999999972e+02 -9.642807534549446302e+01
1.132800000000000011e+02 -9.618454346040323344e+01
1.137599999999999909e+02 -9.584459883675314984e+01
1.142399999999999949e+02 -9.592389976036491817e+01
1.147199999999999989e+02 -9.587003002648670247e+01
1.151999999999999886e+02 -9.586567660776864841e+01
1.156799999999999926e+02 -9.594082535428647418e+01
1.161599999999999966e+02 -9.565603372429728779e+01
1.166400000000000006e+02 -9.552443890968456230e+01
1.171199999999999903e+02 -9.570157304843661450e+01
1.175999999999999943e+02 -9.552385040931656590e+01
1.180799999999999983e+02 -9.533620425306980906e+01
1.185600000000000023e+02 -9.544394193613554478e+01
1.190399999999999920e+02 -9.543979461659961316e+01
1.195199999999999960e+02 -9.552167114614910304e+01
1.200000000000000000e+02 -9.522232545572238394e+01
1.204799999999999898e+02 -9.503400216166612324e+01
1.209599999999999937e+02 -9.488159551844779571e+01
1.214399999999999977e+02 -9.485066011798549823e+01
1.219200000000000017e+02 -9.492791020812856573e+01
1.223999999999999915e+02 -9.489038837453838937e+01
