-1.228799999999999955e+02 -9.711883874233981828e+01
-1.223999999999999915e+02 -9.739035468995297151e+01
-1.219200000000000017e+02 -9.730309711537898920e+01
-1.214399999999999977e+02 -9.728605401816457743e+01
-1.209599999999999937e+02 -9.720367506804288382e+01
-1.204799999999999898e+02 -9.726802343755322511e+01
-1.200000000000000000e+02 -9.737287336282015815e+01
-1.195199999999999960e+02 -9.722656687171246404e+01
-1.190399999999999920e+02 -9.720944302938669068e+01
-1.185600000000000023e+02 -9.747706735448292648e+01
-1.180799999999999983e+02 -9.759836396998545638e+01
-1.175999999999999943e+02 -9.736032128449109280e+01
-1.171199999999999903e+02 -9.703577413844841715e+01
-1.166400000000000006e+02 -9.723260175961954133e+01
-1.161599999999999966e+02 -9.736537671565257313e+01
-1.156799999999999926e+02 -9.727151526815447369e+01
-1.151999999999999886e+02 -9.713160638799155322e+01
-1.147199999999999989e+02 -9.692301793788701048e+01
-1.142399999999999949e+02 -9.687961746466837099e+01
-1.137599999999999909e+02 -9.693310997053499989e+01
-1.132800000000000011e+02 -9.685958597200323084e+01
-1.127999999999999972e+02 -9.703275601049401189e+01
-1.123199999999999932e+02 -9.706681028110133980e+01
-1.118399999999999892e+02 -9.684752049901219095e+01
-1.113599999999999994e+02 -9.650127994593577796e+01
-1.108799999999999955e+02 -9.634131232284302371e+01
-1.103999999999999915e+02 -9.572738561013024139e+01
-1.099200000000000017e+02 -9.490371855548107760e+01
-1.094399999999999977e+02 -9.455427567376972320e+01
-1.089599999999999937e+02 -9.402665147601213391e+01
-1.084799999999999898e+02 -9.310642456685945945e+01
-1.080000000000000000e+02 -9.244051935800251840e+01
-1.075199999999999960e+02 -9.183660981774002607e+01
-1.070399999999999920e+02 -9.120051854359098797e+01
-1.065600000000000023e+02 -9.048800935555347280e+01
-1.060799999999999983e+02 -8.983483936762495148e+01
-1.055999999999999943e+02 -8.917814844685288733e+01
-1.051199999999999903e+02 -8.850193404316689794e+01
-1.046400000000000006e+02 -8.796491230961279939e+01
-1.041599999999999966e+02 -8.806573345334287239e+01
-1.036799999999999926e+02 -8.779634358644160841e+01
-1.032000000000000028e+02 -8.731435911909559877e+01
-1.027199999999999989e+02 -8.727738008241570355e+01
-1.022399999999999949e+02 -8.690799433596492918e+01
-1.017599999999999909e+02 -8.658246707795542818e+01
-1.012800000000000011e+02 -8.623328181709062790e+01
-1.007999999999999972e+02 -8.614469494184064047e+01
-1.003199999999999932e+02 -8.634675934956101173e+01
-9.984000000000000341e+01 -8.608900038684086553e+01
-9.935999999999999943e+01 -8.603775223351590284e+01
-9.887999999999999545e+01 -8.620840008772174201e+01
-9.839999999999999147e+01 -8.603739398299020991e+01
-9.792000000000000171e+01 -8.584418106871299869e+01
-9.743999999999999773e+01 -8.576306740948979268e+01
-9.695999999999999375e+01 -8.568589777241604111e+01
-9.647999999999998977e+01 -8.575509585007444002e+01
-9.600000000000000000e+01 -8.589731405110967444e+01
-9.551999999999999602e+01 -8.600163452913727724e+01
-9.503999999999999204e+01 -8.600944190463907546e+01
-9.456000000000000227e+01 -8.599036384382280573e+01
-9.407999999999999829e+01 -8.572252438518360407e+01
-9.359999999999999432e+01 -8.556740230713380413e+01
-9.311999999999999034e+01 -8.590382829616351046e+01
-9.264000000000000057e+01 -8.595019045717891970e+01
-9.215999999999999659e+01 -8.570296315999482317e+01
-9.167999999999999261e+01 -8.582990899048361655e+01
-9.120000000000000284e+01 -8.612863683305394602e+01
-9.071999999999999886e+01 -8.624708636359497405e+01
-9.023999999999999488e+01 -8.601248818524487660e+01
-8.975999999999999091e+01 -8.563845974383077930e+01
-8.928000000000000114e+01 -8.555339180441541203e+01
-8.879999999999999716e+01 -8.566123708249870106e+01
-8.831999999999999318e+01 -8.567855973062428632e+01
-8.784000000000000341e+01 -8.562915111933560297e+01
-8.735999999999999943e+01 -8.559419783128376480e+01
-8.687999999999999545e+01 -8.564413786149459895e+01
-8.639999999999999147e+01 -8.554395249102273624e+01
-8.592000000000000171e+01 -8.543598678888096742e+01
-8.543999999999999773e+01 -8.538383718896737662e+01
-8.495999999999999375e+01 -8.545181100708605015e+01
-8.447999999999998977e+01 -8.549876827988293826e+01
-8.400000000000000000e+01 -8.555582152075766089e+01
-8.351999999999999602e+01 -8.533192119932070341e+01
-8.303999999999999204e+01 -8.507167787535371417e+01
-8.256000000000000227e+01 -8.543954808248179233e+01
-8.207999999999999829e+01 -8.541317155532070160e+01
-8.159999999999999432e+01 -8.532316639556762539e+01
-8.111999999999999034e+01 -8.520458902476948992e+01
-8.064000000000000057e+01 -8.512162845305090286e+01
-8.015999999999999659e+01 -8.490368750514682006e+01
-7.967999999999999261e+01 -8.489040480753615725e+01
-7.920000000000000284e+01 -8.502484942034671178e+01
-7.871999999999999886e+01 -8.526675748886046335e+01
-7.823999999999999488e+01 -8.533888968946099851e+01
-7.775999999999999091e+01 -8.522047031958351226e+01
-7.728000000000000114e+01 -8.490306546963992673e+01
-7.679999999999999716e+01 -8.465817398013959405e+01
-7.631999999999999318e+01 -8.462232324304160613e+01
-7.584000000000000341e+01 -8.466773772013587518e+01
-7.535999999999999943e+01 -8.475526468056203555e+01
-7.487999999999999545e+01 -8.479934765543063691e+01
-7.439999999999999147e+01 -8.444045990541201263e+01
-7.392000000000000171e+01 -8.459786753753567723e+01
-7.343999999999999773e+01 -8.476395488556696023e+01
-7.295999999999999375e+01 -8.460317981523125752e+01
-7.248000000000000398e+01 -8.461161210412278422e+01
-7.200000000000000000e+01 -8.448956264113144243e+01
-7.151999999999999602e+01 -8.459987240656150220e+01
-7.103999999999999204e+01 -8.464002938102460405e+01
-7.056000000000000227e+01 -8.467110551354979009e+01
-7.007999999999999829e+01 -8.443485015448945319e+01
-6.959999999999999432e+01 -8.417355679135091862e+01
-6.912000000000000455e+01 -8.395060624856313325e+01
-6.864000000000000057e+01 -8.378451329440004258e+01
-6.815999999999999659e+01 -8.380918655696984843e+01
-6.767999999999999261e+01 -8.409576302401482906e+01
-6.720000000000000284e+01 -8.389306560695594328e+01
-6.671999999999999886e+01 -8.380320204235765402e+01
-6.623999999999999488e+01 -8.387638407996080048e+01
-6.575999999999999091e+01 -8.364306281751801464e+01
-6.528000000000000114e+01 -8.353976990952958204e+01
-6.479999999999999716e+01 -8.352296194587120226e+01
-6.431999999999999318e+01 -8.344275962447922268e+01
-6.383999999999999631e+01 -8.315987028569597328e+01
-6.335999999999999943e+01 -8.288672058092205930e+01
-6.287999999999999545e+01 -8.253642282749437697e+01
-6.239999999999999858e+01 -8.246963480548194525e+01
-6.191999999999999460e+01 -8.256592468088166470e+01
-6.143999999999999773e+01 -8.247129394377886058e+01
-6.096000000000000085e+01 -8.228608251146323482e+01
-6.047999999999999687e+01 -8.216210193951822305e+01
-6.000000000000000000e+01 -8.195336479668799257e+01
-5.951999999999999602e+01 -8.209287550097451458e+01
-5.903999999999999915e+01 -8.206290211704038029e+01
-5.855999999999999517e+01 -8.180972367093110620e+01
-5.807999999999999829e+01 -8.155099380746833049e+01
-5.759999999999999432e+01 -8.117079503258294437e+01
-5.711999999999999744e+01 -8.083800701546861944e+01
-5.664000000000000057e+01 -8.050703553987500527e+01
-5.615999999999999659e+01 -8.022828491895657521e+01
-5.567999999999999972e+01 -8.019579343806670124e+01
-5.519999999999999574e+01 -7.983657291008152868e+01
-5.471999999999999886e+01 -7.953677624127358570e+01
-5.423999999999999488e+01 -7.942302853638751969e+01
-5.375999999999999801e+01 -7.916766282806028698e+01
-5.328000000000000114e+01 -7.912134792381193904e+01
-5.279999999999999716e+01 -7.902489954818867091e+01
-5.232000000000000028e+01 -7.882354022889781220e+01
-5.183999999999999631e+01 -7.872460332164681063e+01
-5.135999999999999943e+01 -7.834735837838033490e+01
-5.087999999999999545e+01 -7.780441670493533479e+01
-5.039999999999999858e+01 -7.752579785470871343e+01
-4.992000000000000171e+01 -7.747577826405139945e+01
-4.943999999999999773e+01 -7.717462044236368968e+01
-4.896000000000000085e+01 -7.686406059948194525e+01
-4.847999999999999687e+01 -7.648446848178984681e+01
-4.800000000000000000e+01 -7.619243737067050404e+01
-4.751999999999999602e+01 -7.603093733538040055e+01
-4.703999999999999915e+01 -7.577674944771948162e+01
-4.655999999999999517e+01 -7.535480237155071848e+01
-4.607999999999999829e+01 -7.512391616145595208e+01
-4.560000000000000142e+01 -7.487917796474212651e+01
-4.511999999999999744e+01 -7.422759041345454989e+01
-4.464000000000000057e+01 -7.420489277951365636e+01
-4.415999999999999659e+01 -7.399495972901318908e+01
-4.367999999999999972e+01 -7.330777370110526192e+01
-4.319999999999999574e+01 -7.275854796791702483e+01
-4.271999999999999886e+01 -7.225634329665584232e+01
-4.223999999999999488e+01 -7.211410046885542613e+01
-4.175999999999999801e+01 -7.167161308862776536e+01
-4.128000000000000114e+01 -7.117731413743064195e+01
-4.079999999999999716e+01 -7.097975227593975944e+01
-4.032000000000000028e+01 -7.059895684467522869e+01
-3.983999999999999631e+01 -7.031383045313906166e+01
-3.935999999999999943e+01 -6.977724264371158824e+01
-3.887999999999999545e+01 -6.924196264354553421e+01
-3.839999999999999858e+01 -6.886251848631685846e+01
-3.792000000000000171e+01 -6.859395833000175458e+01
-3.743999999999999773e+01 -6.835373851123281952e+01
-3.696000000000000085e+01 -6.804074839717549139e+01
-3.647999999999999687e+01 -6.783783464185540879e+01
-3.600000000000000000e+01 -6.765683890473884787e+01
-3.551999999999999602e+01 -6.714265640889691156e+01
-3.503999999999999915e+01 -6.679684312104083688e+01
-3.456000000000000227e+01 -6.631213941087324315e+01
-3.407999999999999829e+01 -6.563837272920208932e+01
-3.360000000000000142e+01 -6.529332763212012480e+01
-3.311999999999999744e+01 -6.543067163817285348e+01
-3.264000000000000057e+01 -6.514981873794543787e+01
-3.215999999999999659e+01 -6.476122500039002716e+01
-3.167999999999999972e+01 -6.457937044141384320e+01
-3.119999999999999929e+01 -6.402647942621018728e+01
-3.071999999999999886e+01 -6.344449724467235541e+01
-3.023999999999999844e+01 -6.304154760805993618e+01
-2.975999999999999801e+01 -6.263631252240892167e+01
-2.927999999999999758e+01 -6.220279444183830719e+01
-2.879999999999999716e+01 -6.195752003434471789e+01
-2.832000000000000028e+01 -6.182969106792297964e+01
-2.783999999999999986e+01 -6.167366792368418515e+01
-2.735999999999999943e+01 -6.104679337134568584e+01
-2.687999999999999901e+01 -6.040350219608932747e+01
-2.639999999999999858e+01 -6.009889641005643313e+01
-2.591999999999999815e+01 -5.993532034188682189e+01
-2.543999999999999773e+01 -5.955413805764968060e+01
-2.496000000000000085e+01 -5.937197425901932490e+01
-2.448000000000000043e+01 -5.922948668562806063e+01
-2.400000000000000000e+01 -5.891302714259343531e+01
-2.351999999999999957e+01 -5.871912627731803269e+01
-2.303999999999999915e+01 -5.850024386297216950e+01
-2.255999999999999872e+01 -5.814142895086823160e+01
-2.207999999999999829e+01 -5.799457027403947507e+01
-2.159999999999999787e+01 -5.765054812775660764e+01
-2.111999999999999744e+01 -5.760420587546697391e+01
-2.064000000000000057e+01 -5.748846834153572161e+01
-2.016000000000000014e+01 -5.728231423926200705e+01
-1.967999999999999972e+01 -5.701621187440147054e+01
-1.919999999999999929e+01 -5.658362053491683241e+01
-1.871999999999999886e+01 -5.606405875581099707e+01
-1.823999999999999844e+01 -5.579687133135890775e+01
-1.775999999999999801e+01 -5.586384071390035189e+01
-1.728000000000000114e+01 -5.566456476511835660e+01
-1.680000000000000071e+01 -5.538747075227512795e+01
-1.632000000000000028e+01 -5.525921340550326022e+01
-1.583999999999999986e+01 -5.508812444176447798e+01
-1.535999999999999943e+01 -5.490827060910761759e+01
-1.487999999999999901e+01 -5.471878683149125777e+01
-1.439999999999999858e+01 -5.450071758186994231e+01
-1.391999999999999993e+01 -5.436296459897978650e+01
-1.343999999999999950e+01 -5.447710342704716169e+01
-1.295999999999999908e+01 -5.446560358387497303e+01
-1.248000000000000043e+01 -5.400807292463107245e+01
-1.200000000000000000e+01 -5.379258416417841460e+01
-1.151999999999999957e+01 -5.372353941807262601e+01
-1.103999999999999915e+01 -5.324528945715343298e+01
-1.055999999999999872e+01 -4.973861439557993691e+01
-1.008000000000000007e+01 -3.371657896520657971e+01
-9.599999999999999645e+00 -2.538497681220317759e+01
-9.119999999999999218e+00 -2.280121331441910115e+01
-8.640000000000000568e+00 -2.261156260436320053e+01
-8.160000000000000142e+00 -2.261080028521414675e+01
-7.679999999999999716e+00 -2.243994476055397058e+01
-7.199999999999999289e+00 -2.235298565137633275e+01
-6.719999999999999751e+00 -2.251995221207524622e+01
-6.240000000000000213e+00 -2.249095035808731069e+01
-5.759999999999999787e+00 -2.234781662299091920e+01
-5.279999999999999361e+00 -2.237084938651529598e+01
-4.799999999999999822e+00 -2.234445461371480945e+01
-4.320000000000000284e+00 -2.258452629130292522e+01
-3.839999999999999858e+00 -2.271226878859592091e+01
-3.359999999999999876e+00 -2.273081399396562929e+01
-2.879999999999999893e+00 -2.275448819232623521e+01
-2.399999999999999911e+00 -2.263057406345532030e+01
-1.919999999999999929e+00 -2.265156967447876468e+01
-1.439999999999999947e+00 -2.266334351487424570e+01
-9.599999999999999645e-01 -2.262184146582767852e+01
-4.799999999999999822e-01 -2.275070674124015824e+01
0.000000000000000000e+00 -2.282657169967458799e+01
4.799999999999999822e-01 -2.263571521134049647e+01
9.599999999999999645e-01 -2.226141670413390372e+01
1.439999999999999947e+00 -2.261478064981778502e+01
1.919999999999999929e+00 -2.300670729397059233e+01
2.399999999999999911e+00 -2.281425987821555168e+01
2.879999999999999893e+00 -2.265900108359225840e+01
3.359999999999999876e+00 -2.250168121119654785e+01
3.839999999999999858e+00 -2.275209735440224534e+01
4.320000000000000284e+00 -2.309622277799794432e+01
4.799999999999999822e+00 -2.306718675962273579e+01
5.279999999999999361e+00 -2.297458872643262850e+01
5.759999999999999787e+00 -2.298505559605780491e+01
6.240000000000000213e+00 -2.308759784408237792e+01
6.719999999999999751e+00 -2.306586186285876749e+01
7.199999999999999289e+00 -2.297185864536132271e+01
7.679999999999999716e+00 -2.318923738674758894e+01
8.160000000000000142e+00 -2.314436624373588458e+01
8.640000000000000568e+00 -2.306872560734974087e+01
9.119999999999999218e+00 -2.340922596499197184e+01
9.599999999999999645e+00 -2.614749738380239918e+01
1.008000000000000007e+01 -3.463070766925829957e+01
1.055999999999999872e+01 -5.044376804597855823e+01
1.103999999999999915e+01 -5.379337830021610500e+01
1.151999999999999957e+01 -5.444079288223457525e+01
1.200000000000000000e+01 -5.473996713186337360e+01
1.248000000000000043e+01 -5.485404686016272535e+01
1.295999999999999908e+01 -5.510163481689258447e+01
1.343999999999999950e+01 -5.548745291830250892e+01
1.391999999999999993e+01 -5.572270181414392454e+01
1.439999999999999858e+01 -5.586983291880376612e+01
1.487999999999999901e+01 -5.624245204205506354e+01
1.535999999999999943e+01 -5.636090340470472881e+01
1.583999999999999986e+01 -5.634593315175575867e+01
1.632000000000000028e+01 -5.653935231020856378e+01
1.680000000000000071e+01 -5.701079157348868165e+01
1.728000000000000114e+01 -5.719733971418880003e+01
1.775999999999999801e+01 -5.746042535634671111e+01
1.823999999999999844e+01 -5.791072111283276058e+01
1.871999999999999886e+01 -5.809330628180735800e+01
1.919999999999999929e+01 -5.848805450641612680e+01
1.967999999999999972e+01 -5.881638095064913330e+01
2.016000000000000014e+01 -5.877916506481305703e+01
2.064000000000000057e+01 -5.897996082555307851e+01
2.111999999999999744e+01 -5.942126672032319590e+01
2.159999999999999787e+01 -5.994455539955094281e+01
2.207999999999999829e+01 -6.019791763900623494e+01
2.255999999999999872e+01 -6.057408488175052952e+01
2.303999999999999915e+01 -6.079620114747430648e+01
2.351999999999999957e+01 -6.086136093479660047e+01
2.400000000000000000e+01 -6.134549125506319456e+01
2.448000000000000043e+01 -6.167923520179595442e+01
2.496000000000000085e+01 -6.170733524680749582e+01
2.543999999999999773e+01 -6.216420948620967835e+01
2.591999999999999815e+01 -6.252386429992498051e+01
2.639999999999999858e+01 -6.282851236993217725e+01
2.687999999999999901e+01 -6.329440474822695961e+01
2.735999999999999943e+01 -6.368437305411296734e+01
2.783999999999999986e+01 -6.412495007491745014e+01
2.832000000000000028e+01 -6.457339331862770848e+01
2.879999999999999716e+01 -6.497391327182572240e+01
2.927999999999999758e+01 -6.511357292999940682e+01
2.975999999999999801e+01 -6.518083367518033810e+01
3.023999999999999844e+01 -6.571679619851649079e+01
3.071999999999999886e+01 -6.625863154083172901e+01
3.119999999999999929e+01 -6.663047403348700470e+01
3.167999999999999972e+01 -6.690651070025472791e+01
3.215999999999999659e+01 -6.732046279410910472e+01
3.264000000000000057e+01 -6.773701402568963204e+01
3.311999999999999744e+01 -6.784021928118522737e+01
3.360000000000000142e+01 -6.824151534608147074e+01
3.407999999999999829e+01 -6.871194887957963715e+01
3.456000000000000227e+01 -6.899310115757850781e+01
3.503999999999999915e+01 -6.939002712469682876e+01
3.551999999999999602e+01 -6.970268793627447224e+01
3.600000000000000000e+01 -7.000241865782143691e+01
3.647999999999999687e+01 -7.020743487759250456e+01
3.696000000000000085e+01 -7.072406030823592005e+01
3.743999999999999773e+01 -7.125917497178203064e+01
3.792000000000000171e+01 -7.140896004496067917e+01
3.839999999999999858e+01 -7.164199187732366170e+01
3.887999999999999545e+01 -7.174884598508452882e+01
3.935999999999999943e+01 -7.211556940005243632e+01
3.983999999999999631e+01 -7.247983700795791151e+01
4.032000000000000028e+01 -7.285883580929846914e+01
4.079999999999999716e+01 -7.314052081615750467e+01
4.128000000000000114e+01 -7.359432569477722552e+01
4.175999999999999801e+01 -7.398496812736090078e+01
4.223999999999999488e+01 -7.388670670081046410e+01
4.271999999999999886e+01 -7.414323975214044538e+01
4.319999999999999574e+01 -7.478671387949145810e+01
4.367999999999999972e+01 -7.529529793785242475e+01
4.415999999999999659e+01 -7.564326366558327663e+01
4.464000000000000057e+01 -7.579761708136406639e+01
4.511999999999999744e+01 -7.592075480040185198e+01
4.560000000000000142e+01 -7.656316507397410476e+01
4.607999999999999829e+01 -7.692387974625232516e+01
4.655999999999999517e+01 -7.711637085032441519e+01
4.703999999999999915e+01 -7.745037119165891681e+01
4.751999999999999602e+01 -7.778985302541671842e+01
4.800000000000000000e+01 -7.758160573174549768e+01
4.847999999999999687e+01 -7.775601068703596752e+01
4.896000000000000085e+01 -7.828121528768957660e+01
4.943999999999999773e+01 -7.861474788686278714e+01
4.992000000000000171e+01 -7.864123172952932350e+01
5.039999999999999858e+01 -7.901058937724971543e+01
5.087999999999999545e+01 -7.911375976699694945e+01
5.135999999999999943e+01 -7.911789240794776390e+01
5.183999999999999631e+01 -7.941600762770563904e+01
5.232000000000000028e+01 -7.969992437612370395e+01
5.279999999999999716e+01 -7.957755606768344592e+01
5.328000000000000114e+01 -7.969755129513143288e+01
5.375999999999999801e+01 -7.981528118887706569e+01
5.423999999999999488e+01 -7.996951720206919845e+01
5.471999999999999886e+01 -8.012526385247008420e+01
5.519999999999999574e+01 -8.031930849656951921e+01
5.567999999999999972e+01 -8.060026102164626138e+01
5.615999999999999659e+01 -8.090043849681941879e+01
5.664000000000000057e+01 -8.117688653876741967e+01
5.711999999999999744e+01 -8.139174834295764072e+01
5.759999999999999432e+01 -8.142092295780764744e+01
5.807999999999999829e+01 -8.161629096589747689e+01
5.855999999999999517e+01 -8.188765845451425207e+01
5.903999999999999915e+01 -8.191693551428342346e+01
5.951999999999999602e+01 -8.206536618301980468e+01
6.000000000000000000e+01 -8.211144856922003044e+01
6.047999999999999687e+01 -8.198382967406188016e+01
6.096000000000000085e+01 -8.225826803784734409e+01
6.143999999999999773e+01 -8.255935709661130772e+01
6.191999999999999460e+01 -8.268460646377315015e+01
6.239999999999999858e+01 -8.262245509898336593e+01
6.287999999999999545e+01 -8.273407417021513766e+01
6.335999999999999943e+01 -8.294467775648035968e+01
6.383999999999999631e+01 -8.281937802444898011e+01
6.431999999999999318e+01 -8.295752305764084156e+01
6.479999999999999716e+01 -8.322763796381244106e+01
6.528000000000000114e+01 -8.309778125283074246e+01
6.575999999999999091e+01 -8.300972353315754049e+01
6.623999999999999488e+01 -8.308501620332788207e+01
6.671999999999999886e+01 -8.310753393042335802e+01
6.720000000000000284e+01 -8.316634603689746541e+01
6.767999999999999261e+01 -8.350783768241582550e+01
6.815999999999999659e+01 -8.376246779923940267e+01
6.864000000000000057e+01 -8.368227239890393321e+01
6.912000000000000455e+01 -8.359694397821444056e+01
6.959999999999999432e+01 -8.350950001554903679e+01
7.007999999999999829e+01 -8.367272814672988090e+01
7.056000000000000227e+01 -8.385274415238922074e+01
7.103999999999999204e+01 -8.380393237022543929e+01
7.151999999999999602e+01 -8.371126178681566898e+01
7.200000000000000000e+01 -8.351631884988609045e+01
7.248000000000000398e+01 -8.358079081950634759e+01
7.295999999999999375e+01 -8.368368984752501660e+01
7.343999999999999773e+01 -8.382740440041172292e+01
7.392000000000000171e+01 -8.389718099912265359e+01
7.439999999999999147e+01 -8.402629657928366669e+01
7.487999999999999545e+01 -8.398015399018433413e+01
7.535999999999999943e+01 -8.396725230894878678e+01
7.584000000000000341e+01 -8.405794216469760727e+01
7.631999999999999318e+01 -8.439945685492553196e+01
7.679999999999999716e+01 -8.454448097876436918e+01
7.728000000000000114e+01 -8.438248941019652705e+01
7.775999999999999091e+01 -8.425192284054850234e+01
7.823999999999999488e+01 -8.409440871584912713e+01
7.871999999999999886e+01 -8.420756788448375119e+01
7.920000000000000284e+01 -8.435843259359366186e+01
7.967999999999999261e+01 -8.432176909295500877e+01
8.015999999999999659e+01 -8.429812124368963566e+01
8.064000000000000057e+01 -8.441809430468013886e+01
8.111999999999999034e+01 -8.448209054410065733e+01
8.159999999999999432e+01 -8.448856610453381677e+01
8.207999999999999829e+01 -8.457925568108693426e+01
8.256000000000000227e+01 -8.452599738249159600e+01
8.303999999999999204e+01 -8.438260835235014667e+01
8.351999999999999602e+01 -8.450070579478490629e+01
8.400000000000000000e+01 -8.447001148224693168e+01
8.447999999999998977e+01 -8.474730795365229596e+01
8.495999999999999375e+01 -8.509611801853347401e+01
8.543999999999999773e+01 -8.500450974731998599e+01
8.592000000000000171e+01 -8.475698460460905892e+01
8.639999999999999147e+01 -8.452701889132681856e+01
8.687999999999999545e+01 -8.455071229299332458e+01
8.735999999999999943e+01 -8.458928478334330237e+01
8.784000000000000341e+01 -8.487211650491302350e+01
8.831999999999999318e+01 -8.483211937986916951e+01
8.879999999999999716e+01 -8.467601424256739051e+01
8.928000000000000114e+01 -8.493814353500205527e+01
8.975999999999999091e+01 -8.490734947346797412e+01
9.023999999999999488e+01 -8.456822150765032120e+01
9.071999999999999886e+01 -8.462391730239671972e+01
9.120000000000000284e+01 -8.478605054111454820e+01
9.167999999999999261e+01 -8.470445060499108081e+01
9.215999999999999659e+01 -8.485581297845514825e+01
9.264000000000000057e+01 -8.512337161605353231e+01
9.311999999999999034e+01 -8.504388513955143480e+01
9.359999999999999432e+01 -8.513417879211937134e+01
9.407999999999999829e+01 -8.539774057863021994e+01
9.456000000000000227e+01 -8.533440102304673758e+01
9.503999999999999204e+01 -8.507417367676431752e+01
9.551999999999999602e+01 -8.515316633062688823e+01
9.600000000000000000e+01 -8.518532151648572892e+01
9.647999999999998977e+01 -8.542086250801784786e+01
9.695999999999999375e+01 -8.531465352202637575e+01
9.743999999999999773e+01 -8.503874542969717254e+01
9.792000000000000171e+01 -8.505588936380880227e+01
9.839999999999999147e+01 -8.519022777503310806e+01
9.887999999999999545e+01 -8.525777988309158673e+01
9.935999999999999943e+01 -8.523940291781991618e+01
9.984000000000000341e+01 -8.505993324994832960e+01
1.003199999999999932e+02 -8.525657837722312138e+01
1.007999999999999972e+02 -8.564871274844236382e+01
1.012800000000000011e+02 -8.583779857470652530e+01
1.017599999999999909e+02 -8.554299314275172605e+01
1.022399999999999949e+02 -8.570573449557377899e+01
1.027199999999999989e+02 -8.624853512567499081e+01
1.032000000000000028e+02 -8.655891726170122524e+01
1.036799999999999926e+02 -8.638190615908280279e+01
1.041599999999999966e+02 -8.675744259156863336e+01
1.046400000000000006e+02 -8.714745306038237516e+01
1.051199999999999903e+02 -8.751197377500926677e+01
1.055999999999999943e+02 -8.633744144183354763e+01
1.060799999999999983e+02 -8.527451173651287775e+01
1.065600000000000023e+02 -8.766989444024278555e+01
1.070399999999999920e+02 -8.953324779560014690e+01
1.075199999999999960e+02 -9.028741029846985100e+01
1.080000000000000000e+02 -9.113358294225689349e+01
1.084799999999999898e+02 -9.212738152487558807e+01
1.089599999999999937e+02 -9.306230577903797041e+01
1.094399999999999977e+02 -9.367765182268428248e+01
1.099200000000000017e+02 -9.440689079782315218e+01
1.103999999999999915e+02 -9.512110357680339234e+01
1.108799999999999955e+02 -9.558212780790722718e+01
1.113599999999999994e+02 -9.628194575297315794e+01
1.118399999999999892e+02 -9.645689565397105980e+01
1.123199999999999932e+02 -9.692068978839026272e+01
1.127999999999999972e+02 -9.740101844757406013e+01
1.132800000000000011e+02 -9.743017472273960777e+01
1.137599999999999909e+02 -9.743633248390221979e+01
1.142399999999999949e+02 -9.732650113215890997e+01
1.147199999999999989e+02 -9.723412953670955972e+01
1.151999999999999886e+02 -9.728366908453629947e+01
1.156799999999999926e+02 -9.708074823003373410e+01
1.161599999999999966e+02 -9.698178451712614390e+01
1.166400000000000006e+02 -9.723389820634156422e+01
1.171199999999999903e+02 -9.750062174537175963e+01
1.175999999999999943e+02 -9.729667046758149240e+01
1.180799999999999983e+02 -9.710542331903465652e+01
1.185600000000000023e+02 -9.733701959571781970e+01
1.190399999999999920e+02 -9.734103243986902498e+01
1.195199999999999960e+02 -9.744712496799395751e+01
1.200000000000000000e+02 -9.715522701150993612e+01
1.204799999999999898e+02 -9.707891857785143941e+01
1.209599999999999937e+02 -9.713688010781785920e+01
1.214399999999999977e+02 -9.711557686893270613e+01
1.219200000000000017e+02 -9.701292382378980506e+01
1.223999999999999915e+02 -9.715440749613763671e+01
