2.000000000000000000e+00 -3.554204459845175990e+01
4.000000000000000000e+00 -4.008742744843033279e+01
6.000000000000000000e+00 -4.178603669364144224e+01
8.000000000000000000e+00 -4.315196278285793596e+01
1.000000000000000000e+01 -4.242224151919686648e+01
1.200000000000000000e+01 -4.319090766076026711e+01
1.400000000000000000e+01 -4.338894504506691163e+01
1.600000000000000000e+01 -4.407114836004443248e+01
1.800000000000000000e+01 -4.554948828944787209e+01
2.000000000000000000e+01 -4.593262886035860504e+01
2.200000000000000000e+01 -4.753604745767496098e+01
2.400000000000000000e+01 -4.817370464508104533e+01
2.600000000000000000e+01 -5.018634803112335163e+01
2.800000000000000000e+01 -5.018574275250499994e+01
3.000000000000000000e+01 -5.072590613917046909e+01
