-1.228799999999999955e+02 -9.934846722053633528e+01
-1.223999999999999915e+02 -9.968624308065150785e+01
-1.219200000000000017e+02 -9.971301520067638080e+01
-1.214399999999999977e+02 -9.962721977599257173e+01
-1.209599999999999937e+02 -9.948827816329679763e+01
-1.204799999999999898e+02 -9.915165280620952615e+01
-1.200000000000000000e+02 -9.918194643118420117e+01
-1.195199999999999960e+02 -9.907679611184750001e+01
-1.190399999999999920e+02 -9.893190031359804948e+01
-1.185600000000000023e+02 -9.869471625991340602e+01
-1.180799999999999983e+02 -9.866914427299967372e+01
-1.175999999999999943e+02 -9.894850379287694864e+01
-1.171199999999999903e+02 -9.880931455903262872e+01
-1.166400000000000006e+02 -9.855591199097503363e+01
-1.161599999999999966e+02 -9.838433006760050148e+01
-1.156799999999999926e+02 -9.852279175861887950e+01
-1.151999999999999886e+02 -9.844709289510581129e+01
-1.147199999999999989e+02 -9.841730934025478916e+01
-1.142399999999999949e+02 -9.836276107988430795e+01
-1.137599999999999909e+02 -9.806592103699934171e+01
-1.132800000000000011e+02 -9.787244142542715508e+01
-1.127999999999999972e+02 -9.779021598922909675e+01
-1.123199999999999932e+02 -9.791311891925344923e+01
-1.118399999999999892e+02 -9.782202049627626650e+01
-1.113599999999999994e+02 -9.726386385852606509e+01
-1.108799999999999955e+02 -9.681036987860343856e+01
-1.103999999999999915e+02 -9.634187188434133020e+01
-1.099200000000000017e+02 -9.561602748689985276e+01
-1.094399999999999977e+02 -9.481579200781408190e+01
-1.089599999999999937e+02 -9.379130799141213970e+01
-1.084799999999999898e+02 -9.296063623103208329e+01
-1.080000000000000000e+02 -9.205810477454679130e+01
-1.075199999999999960e+02 -9.116976547174078860e+01
-1.070399999999999920e+02 -9.072979376028962406e+01
-1.065600000000000023e+02 -8.996994823025430321e+01
-1.060799999999999983e+02 -8.889165237469458702e+01
-1.055999999999999943e+02 -8.833816556942822729e+01
-1.051199999999999903e+02 -8.766955385282773250e+01
-1.046400000000000006e+02 -8.680783188503494330e+01
-1.041599999999999966e+02 -8.643122564099265048e+01
-1.036799999999999926e+02 -8.613151501945023369e+01
-1.032000000000000028e+02 -8.605433235388126434e+01
-1.027199999999999989e+02 -8.585782736890277533e+01
-1.022399999999999949e+02 -8.564874087344446707e+01
-1.017599999999999909e+02 -8.541984738333134430e+01
-1.012800000000000011e+02 -8.501115360023602818e+01
-1.007999999999999972e+02 -8.489009417005861735e+01
-1.003199999999999932e+02 -8.482215082974052223e+01
-9.984000000000000341e+01 -8.471164416494745808e+01
-9.935999999999999943e+01 -8.446141456352199839e+01
-9.887999999999999545e+01 -8.455268707595193689e+01
-9.839999999999999147e+01 -8.461059705571317124e+01
-9.792000000000000171e+01 -8.453133308194966844e+01
-9.743999999999999773e+01 -8.445356304329874320e+01
-9.695999999999999375e+01 -8.431602918672096791e+01
-9.647999999999998977e+01 -8.408694440019934291e+01
-9.600000000000000000e+01 -8.417152117792741706e+01
-9.551999999999999602e+01 -8.436049778079245698e+01
-9.503999999999999204e+01 -8.445298679437074441e+01
-9.456000000000000227e+01 -8.439957289943109231e+01
-9.407999999999999829e+01 -8.426091868881411528e+01
-9.359999999999999432e+01 -8.431838960258974680e+01
-9.311999999999999034e+01 -8.415957152611534298e+01
-9.264000000000000057e+01 -8.385193992776677874e+01
-9.215999999999999659e+01 -8.384174465255392761e+01
-9.167999999999999261e+01 -8.396655949788829787e+01
-9.120000000000000284e+01 -8.371043226505832990e+01
-9.071999999999999886e+01 -8.361726852370580332e+01
-9.023999999999999488e+01 -8.334919784136866383e+01
-8.975999999999999091e+01 -8.333883766466584575e+01
-8.928000000000000114e+01 -8.320533817312514202e+01
-8.879999999999999716e+01 -8.310478340885103421e+01
-8.831999999999999318e+01 -8.309226545180111145e+01
-8.784000000000000341e+01 -8.310667169469935800e+01
-8.735999999999999943e+01 -8.313399948153548280e+01
-8.687999999999999545e+01 -8.291745485161541751e+01
-8.639999999999999147e+01 -8.254098148272677804e+01
-8.592000000000000171e+01 -8.269203497816582171e+01
-8.543999999999999773e+01 -8.287950144682021403e+01
-8.495999999999999375e+01 -8.278076264961136133e+01
-8.447999999999998977e+01 -8.273164271292381500e+01
-8.400000000000000000e+01 -8.267949651886793561e+01
-8.351999999999999602e+01 -8.248134173232821809e+01
-8.303999999999999204e+01 -8.238670637459074442e+01
-8.256000000000000227e+01 -8.248343979812293014e+01
-8.207999999999999829e+01 -8.250256646738995414e+01
-8.159999999999999432e+01 -8.243069142265385096e+01
-8.111999999999999034e+01 -8.248394686626035366e+01
-8.064000000000000057e+01 -8.249985320463056837e+01
-8.015999999999999659e+01 -8.238981135027954394e+01
-7.967999999999999261e+01 -8.251990932172837745e+01
-7.920000000000000284e+01 -8.265623722707019283e+01
-7.871999999999999886e+01 -8.243368249330885078e+01
-7.823999999999999488e+01 -8.255557035858157633e+01
-7.775999999999999091e+01 -8.242911767675155943e+01
-7.728000000000000114e+01 -8.216654772549301811e+01
-7.679999999999999716e+01 -8.245002817679640827e+01
-7.631999999999999318e+01 -8.225620133970258507e+01
-7.584000000000000341e+01 -8.189520641162306447e+01
-7.535999999999999943e+01 -8.193094483665066718e+01
-7.487999999999999545e+01 -8.197954218561363859e+01
-7.439999999999999147e+01 -8.175889267840832986e+01
-7.392000000000000171e+01 -8.148052600531005396e+01
-7.343999999999999773e+01 -8.171840936609564210e+01
-7.295999999999999375e+01 -8.181336540723293638e+01
-7.248000000000000398e+01 -8.177606671999282639e+01
-7.200000000000000000e+01 -8.186725903215730682e+01
-7.151999999999999602e+01 -8.181956076058168037e+01
-7.103999999999999204e+01 -8.173327452273794336e+01
-7.056000000000000227e+01 -8.181427786769368993e+01
-7.007999999999999829e+01 -8.184873027943289969e+01
-6.959999999999999432e+01 -8.201744316771620902e+01
-6.912000000000000455e+01 -8.205184399998262279e+01
-6.864000000000000057e+01 -8.168697238220623547e+01
-6.815999999999999659e+01 -8.185183332414075608e+01
-6.767999999999999261e+01 -8.196747420706319076e+01
-6.720000000000000284e+01 -8.165904485516797706e+01
-6.671999999999999886e+01 -8.159985810272154083e+01
-6.623999999999999488e+01 -8.196000217690524892e+01
-6.575999999999999091e+01 -8.179415907647234008e+01
-6.528000000000000114e+01 -8.134020306617109952e+01
-6.479999999999999716e+01 -8.122978682004793427e+01
-6.431999999999999318e+01 -8.117941912782333702e+01
-6.383999999999999631e+01 -8.116077223207220470e+01
-6.335999999999999943e+01 -8.107047329255382806e+01
-6.287999999999999545e+01 -8.097779444549462369e+01
-6.239999999999999858e+01 -8.111614009653598600e+01
-6.191999999999999460e+01 -8.137682596498267174e+01
-6.143999999999999773e+01 -8.143776603483715348e+01
-6.096000000000000085e+01 -8.132181749649618041e+01
-6.047999999999999687e+01 -8.117006476071205157e+01
-6.000000000000000000e+01 -8.087705693089532133e+01
-5.951999999999999602e+01 -8.074022771563589629e+01
-5.903999999999999915e+01 -8.076445033288533182e+01
-5.855999999999999517e+01 -8.086628777698589943e+01
-5.807999999999999829e+01 -8.113409747894354496e+01
-5.759999999999999432e+01 -8.125149484210086825e+01
-5.711999999999999744e+01 -8.070767564867031751e+01
-5.664000000000000057e+01 -8.054570404712693232e+01
-5.615999999999999659e+01 -8.081031882964019530e+01
-5.567999999999999972e+01 -8.041990255194109238e+01
-5.519999999999999574e+01 -8.019849690456091196e+01
-5.471999999999999886e+01 -8.022310517167730382e+01
-5.423999999999999488e+01 -8.023740061802682533e+01
-5.375999999999999801e+01 -8.022090914583463928e+01
-5.328000000000000114e+01 -8.003934824454837837e+01
-5.279999999999999716e+01 -8.014543275281636170e+01
-5.232000000000000028e+01 -8.027314304906802533e+01
-5.183999999999999631e+01 -8.018272813128028531e+01
-5.135999999999999943e+01 -8.035174028147514491e+01
-5.087999999999999545e+01 -8.003411286163989757e+01
-5.039999999999999858e+01 -7.946596322709579852e+01
-4.992000000000000171e+01 -7.952887643669694739e+01
-4.943999999999999773e+01 -7.979636801842117677e+01
-4.896000000000000085e+01 -7.972733377736597049e+01
-4.847999999999999687e+01 -7.950254881718754518e+01
-4.800000000000000000e+01 -7.929919457073141587e+01
-4.751999999999999602e+01 -7.938198134683871388e+01
-4.703999999999999915e+01 -7.943095715238727905e+01
-4.655999999999999517e+01 -7.921568299835151095e+01
-4.607999999999999829e+01 -7.905318586556170146e+01
-4.560000000000000142e+01 -7.898276588605273218e+01
-4.511999999999999744e+01 -7.900200575568035788e+01
-4.464000000000000057e+01 -7.915367059370831271e+01
-4.415999999999999659e+01 -7.898564014728846416e+01
-4.367999999999999972e+01 -7.891533914489502877e+01
-4.319999999999999574e+01 -7.874166358469932447e+01
-4.271999999999999886e+01 -7.874407899985305903e+01
-4.223999999999999488e+01 -7.866347711069421678e+01
-4.175999999999999801e+01 -7.840438879152570451e+01
-4.128000000000000114e+01 -7.836498105967291394e+01
-4.079999999999999716e+01 -7.836939460507774413e+01
-4.032000000000000028e+01 -7.850876316976750502e+01
-3.983999999999999631e+01 -7.843064722296510638e+01
-3.935999999999999943e+01 -7.807795184711329739e+01
-3.887999999999999545e+01 -7.807296490681893886e+01
-3.839999999999999858e+01 -7.796924310091191046e+01
-3.792000000000000171e+01 -7.774504855863905561e+01
-3.743999999999999773e+01 -7.751904582637433805e+01
-3.696000000000000085e+01 -7.757906445397578921e+01
-3.647999999999999687e+01 -7.758876425143066058e+01
-3.600000000000000000e+01 -7.753828845008521853e+01
-3.551999999999999602e+01 -7.713387118427522182e+01
-3.503999999999999915e+01 -7.676309006410758684e+01
-3.456000000000000227e+01 -7.677648472768194665e+01
-3.407999999999999829e+01 -7.661071900183722505e+01
-3.360000000000000142e+01 -7.646177498983752230e+01
-3.311999999999999744e+01 -7.609446024424570965e+01
-3.264000000000000057e+01 -7.580011921270315156e+01
-3.215999999999999659e+01 -7.575786043737176101e+01
-3.167999999999999972e+01 -7.596295534536260163e+01
-3.119999999999999929e+01 -7.590378920371418303e+01
-3.071999999999999886e+01 -7.566448732039405911e+01
-3.023999999999999844e+01 -7.516586847204679600e+01
-2.975999999999999801e+01 -7.477802342369881217e+01
-2.927999999999999758e+01 -7.453653542318532743e+01
-2.879999999999999716e+01 -7.436921503975187875e+01
-2.832000000000000028e+01 -7.427225085713182295e+01
-2.783999999999999986e+01 -7.443499983165543199e+01
-2.735999999999999943e+01 -7.430612345125345541e+01
-2.687999999999999901e+01 -7.398976702288190666e+01
-2.639999999999999858e+01 -7.399282781165257461e+01
-2.591999999999999815e+01 -7.376379776076346673e+01
-2.543999999999999773e+01 -7.345147977478089274e+01
-2.496000000000000085e+01 -7.316084636990231616e+01
-2.448000000000000043e+01 -7.296836161325182957e+01
-2.400000000000000000e+01 -7.268774432458910439e+01
-2.351999999999999957e+01 -7.220866906379814054e+01
-2.303999999999999915e+01 -7.196266373902021485e+01
-2.255999999999999872e+01 -7.189980149200943060e+01
-2.207999999999999829e+01 -7.180331645988727018e+01
-2.159999999999999787e+01 -7.149627343471625807e+01
-2.111999999999999744e+01 -7.121736433799000565e+01
-2.064000000000000057e+01 -7.088104072808967260e+01
-2.016000000000000014e+01 -7.065779961686705235e+01
-1.967999999999999972e+01 -7.029916710327907481e+01
-1.919999999999999929e+01 -7.013061097214516337e+01
-1.871999999999999886e+01 -6.975369347480354065e+01
-1.823999999999999844e+01 -6.928321300743834854e+01
-1.775999999999999801e+01 -6.909676946881472759e+01
-1.728000000000000114e+01 -6.871427233701665216e+01
-1.680000000000000071e+01 -6.828524010855446136e+01
-1.632000000000000028e+01 -6.780625373713471049e+01
-1.583999999999999986e+01 -6.756471709010386917e+01
-1.535999999999999943e+01 -6.756897842186184278e+01
-1.487999999999999901e+01 -6.708951475686025390e+01
-1.439999999999999858e+01 -6.686584505314050375e+01
-1.391999999999999993e+01 -6.668558246936760270e+01
-1.343999999999999950e+01 -6.650992049526040262e+01
-1.295999999999999908e+01 -6.610201453130696336e+01
-1.248000000000000043e+01 -6.581198885439408741e+01
-1.200000000000000000e+01 -6.502588664313081779e+01
-1.151999999999999957e+01 -6.354253829981871604e+01
-1.103999999999999915e+01 -6.118849982105540874e+01
-1.055999999999999872e+01 -5.180298978133553334e+01
-1.008000000000000007e+01 -3.408116047668524828e+01
-9.599999999999999645e+00 -2.572216304663261610e+01
-9.119999999999999218e+00 -2.310754361658754163e+01
-8.640000000000000568e+00 -2.289224930152062143e+01
-8.160000000000000142e+00 -2.287792407745792644e+01
-7.679999999999999716e+00 -2.269723648142603523e+01
-7.199999999999999289e+00 -2.259655801206665515e+01
-6.719999999999999751e+00 -2.274695406485058058e+01
-6.240000000000000213e+00 -2.270007820001502807e+01
-5.759999999999999787e+00 -2.254348405970222657e+01
-5.279999999999999361e+00 -2.256283044268856486e+01
-4.799999999999999822e+00 -2.253534236554697756e+01
-4.320000000000000284e+00 -2.274140222588091476e+01
-3.839999999999999858e+00 -2.284132024410940431e+01
-3.359999999999999876e+00 -2.283583286549410474e+01
-2.879999999999999893e+00 -2.284293322060077003e+01
-2.399999999999999911e+00 -2.271178873375005125e+01
-1.919999999999999929e+00 -2.271976138462548889e+01
-1.439999999999999947e+00 -2.270968711268884022e+01
-9.599999999999999645e-01 -2.264666772150150109e+01
-4.799999999999999822e-01 -2.275262421571603966e+01
0.000000000000000000e+00 -2.281207128852386035e+01
4.799999999999999822e-01 -2.260667543828990489e+01
9.599999999999999645e-01 -2.222950729160517369e+01
1.439999999999999947e+00 -2.257077646111336833e+01
1.919999999999999929e+00 -2.292312258863534069e+01
2.399999999999999911e+00 -2.270601010641160400e+01
2.879999999999999893e+00 -2.254875149188532291e+01
3.359999999999999876e+00 -2.239090306246193052e+01
3.839999999999999858e+00 -2.262833000004298611e+01
4.320000000000000284e+00 -2.293192303198682680e+01
4.799999999999999822e+00 -2.287404722442971661e+01
5.279999999999999361e+00 -2.277765442623952197e+01
5.759999999999999787e+00 -2.277368398440304276e+01
6.240000000000000213e+00 -2.285829060923522604e+01
6.719999999999999751e+00 -2.280437364377112885e+01
7.199999999999999289e+00 -2.268961098501279849e+01
7.679999999999999716e+00 -2.290290044246070167e+01
8.160000000000000142e+00 -2.285204984719982946e+01
8.640000000000000568e+00 -2.276546871153410834e+01
9.119999999999999218e+00 -2.309456915618648765e+01
9.599999999999999645e+00 -2.582130218162583191e+01
1.008000000000000007e+01 -3.431849097245801516e+01
1.055999999999999872e+01 -5.203213056392109337e+01
1.103999999999999915e+01 -6.119378543340589260e+01
1.151999999999999957e+01 -6.406137037461800787e+01
1.200000000000000000e+01 -6.541849016606980172e+01
1.248000000000000043e+01 -6.615469156975258613e+01
1.295999999999999908e+01 -6.686110651675326721e+01
1.343999999999999950e+01 -6.720259467293215039e+01
1.391999999999999993e+01 -6.737363740893937347e+01
1.439999999999999858e+01 -6.756369196302843250e+01
1.487999999999999901e+01 -6.796949585456913212e+01
1.535999999999999943e+01 -6.854105952784917122e+01
1.583999999999999986e+01 -6.918403138825149767e+01
1.632000000000000028e+01 -6.951536715018137613e+01
1.680000000000000071e+01 -6.965996876434407170e+01
1.728000000000000114e+01 -7.009024438070392193e+01
1.775999999999999801e+01 -7.060567392103602913e+01
1.823999999999999844e+01 -7.077582787583730806e+01
1.871999999999999886e+01 -7.079193794050708277e+01
1.919999999999999929e+01 -7.119279150109139209e+01
1.967999999999999972e+01 -7.182201440134871007e+01
2.016000000000000014e+01 -7.224446783808930661e+01
2.064000000000000057e+01 -7.236291370317719895e+01
2.111999999999999744e+01 -7.269703565369441378e+01
2.159999999999999787e+01 -7.321256200288615901e+01
2.207999999999999829e+01 -7.335704921955789359e+01
2.255999999999999872e+01 -7.351521500723950453e+01
2.303999999999999915e+01 -7.398313999511114503e+01
2.351999999999999957e+01 -7.417928308564302142e+01
2.400000000000000000e+01 -7.406134652075054703e+01
2.448000000000000043e+01 -7.417894642065049027e+01
2.496000000000000085e+01 -7.443670675948555981e+01
2.543999999999999773e+01 -7.472425596968622585e+01
2.591999999999999815e+01 -7.508390627829632535e+01
2.639999999999999858e+01 -7.539963234996767483e+01
2.687999999999999901e+01 -7.550200261159551474e+01
2.735999999999999943e+01 -7.545015830307154658e+01
2.783999999999999986e+01 -7.573225561257400784e+01
2.832000000000000028e+01 -7.615657289229829985e+01
2.879999999999999716e+01 -7.647763459328336921e+01
2.927999999999999758e+01 -7.643522710514575635e+01
2.975999999999999801e+01 -7.641173954259858192e+01
3.023999999999999844e+01 -7.681657615533431738e+01
3.071999999999999886e+01 -7.718009164833746638e+01
3.119999999999999929e+01 -7.700217046537117938e+01
3.167999999999999972e+01 -7.695948267353834638e+01
3.215999999999999659e+01 -7.718059191057415092e+01
3.264000000000000057e+01 -7.743655937530314759e+01
3.311999999999999744e+01 -7.778177324804400428e+01
3.360000000000000142e+01 -7.810356363633212595e+01
3.407999999999999829e+01 -7.822934418702584480e+01
3.456000000000000227e+01 -7.817692523371142954e+01
3.503999999999999915e+01 -7.816941529394432564e+01
3.551999999999999602e+01 -7.830410255340504477e+01
3.600000000000000000e+01 -7.850791336485426086e+01
3.647999999999999687e+01 -7.843799141664580077e+01
3.696000000000000085e+01 -7.860389437618842123e+01
3.743999999999999773e+01 -7.883678547724591112e+01
3.792000000000000171e+01 -7.872732841063914577e+01
3.839999999999999858e+01 -7.893988701223774740e+01
3.887999999999999545e+01 -7.909630529870989335e+01
3.935999999999999943e+01 -7.923435555400388353e+01
3.983999999999999631e+01 -7.949429267268408239e+01
4.032000000000000028e+01 -7.942289608024255188e+01
4.079999999999999716e+01 -7.915759579090152442e+01
4.128000000000000114e+01 -7.918682750694497940e+01
4.175999999999999801e+01 -7.953386195863799912e+01
4.223999999999999488e+01 -7.945603476002403909e+01
4.271999999999999886e+01 -7.931694950945808387e+01
4.319999999999999574e+01 -7.927987775204287857e+01
4.367999999999999972e+01 -7.950704151233328787e+01
4.415999999999999659e+01 -7.990908546680542202e+01
4.464000000000000057e+01 -8.030948055370126326e+01
4.511999999999999744e+01 -8.032520134697017511e+01
4.560000000000000142e+01 -8.036816971464565995e+01
4.607999999999999829e+01 -8.037090224198544774e+01
4.655999999999999517e+01 -8.055835582086558588e+01
4.703999999999999915e+01 -8.103122696839631089e+01
4.751999999999999602e+01 -8.107750796399341198e+01
4.800000000000000000e+01 -8.087567918777970988e+01
4.847999999999999687e+01 -8.066958354319979208e+01
4.896000000000000085e+01 -8.085332841174285079e+01
4.943999999999999773e+01 -8.099911739267454891e+01
4.992000000000000171e+01 -8.110165848758146012e+01
5.039999999999999858e+01 -8.139122089976210361e+01
5.087999999999999545e+01 -8.121662048003796031e+01
5.135999999999999943e+01 -8.121284283910944168e+01
5.183999999999999631e+01 -8.137632262255898752e+01
5.232000000000000028e+01 -8.147801819625723851e+01
5.279999999999999716e+01 -8.162579554857701680e+01
5.328000000000000114e+01 -8.186109242830971766e+01
5.375999999999999801e+01 -8.204868924501329275e+01
5.423999999999999488e+01 -8.204979563798907805e+01
5.471999999999999886e+01 -8.223730134280133086e+01
5.519999999999999574e+01 -8.198117500589151518e+01
5.567999999999999972e+01 -8.200187699488074600e+01
5.615999999999999659e+01 -8.226132686029498586e+01
5.664000000000000057e+01 -8.225839282007402176e+01
5.711999999999999744e+01 -8.256318342504636121e+01
5.759999999999999432e+01 -8.256267996817463484e+01
5.807999999999999829e+01 -8.250088115690067525e+01
5.855999999999999517e+01 -8.217403689379059983e+01
5.903999999999999915e+01 -8.169175061949523808e+01
5.951999999999999602e+01 -8.243203650805106975e+01
6.000000000000000000e+01 -8.291210118187073874e+01
6.047999999999999687e+01 -8.315843369578972499e+01
6.096000000000000085e+01 -8.313519554989859728e+01
6.143999999999999773e+01 -8.305750507425157991e+01
6.191999999999999460e+01 -8.322645894078644346e+01
6.239999999999999858e+01 -8.319639446638828417e+01
6.287999999999999545e+01 -8.303019889674408205e+01
6.335999999999999943e+01 -8.276282356538121121e+01
6.383999999999999631e+01 -8.305371523567502834e+01
6.431999999999999318e+01 -8.338258310883699664e+01
6.479999999999999716e+01 -8.341745347847704295e+01
6.528000000000000114e+01 -8.337423589903636412e+01
6.575999999999999091e+01 -8.327508369383197362e+01
6.623999999999999488e+01 -8.327112306440295697e+01
6.671999999999999886e+01 -8.328223503894236046e+01
6.720000000000000284e+01 -8.309192458825778260e+01
6.767999999999999261e+01 -8.338580377534880483e+01
6.815999999999999659e+01 -8.364297024295196081e+01
6.864000000000000057e+01 -8.390105831814966564e+01
6.912000000000000455e+01 -8.388758765352675084e+01
6.959999999999999432e+01 -8.355494325646031939e+01
7.007999999999999829e+01 -8.377121638681941818e+01
7.056000000000000227e+01 -8.401743340777861135e+01
7.103999999999999204e+01 -8.383253312143970959e+01
7.151999999999999602e+01 -8.366430761329014842e+01
7.200000000000000000e+01 -8.362252528335991997e+01
7.248000000000000398e+01 -8.343388909873281989e+01
7.295999999999999375e+01 -8.357112557441787715e+01
7.343999999999999773e+01 -8.372069474432831271e+01
7.392000000000000171e+01 -8.390970648578444013e+01
7.439999999999999147e+01 -8.407406478364889324e+01
7.487999999999999545e+01 -8.377750625202639867e+01
7.535999999999999943e+01 -8.371893780335462054e+01
7.584000000000000341e+01 -8.401215745749351527e+01
7.631999999999999318e+01 -8.392418966656668999e+01
7.679999999999999716e+01 -8.387506513110585615e+01
7.728000000000000114e+01 -8.362498267713519340e+01
7.775999999999999091e+01 -8.379138256456369049e+01
7.823999999999999488e+01 -8.421419038320794925e+01
7.871999999999999886e+01 -8.426761093530997471e+01
7.920000000000000284e+01 -8.439664131375732836e+01
7.967999999999999261e+01 -8.440001655704037375e+01
8.015999999999999659e+01 -8.430385297314219883e+01
8.064000000000000057e+01 -8.440244917497972210e+01
8.111999999999999034e+01 -8.461156156880782930e+01
8.159999999999999432e+01 -8.446254371879682310e+01
8.207999999999999829e+01 -8.437632389806368849e+01
8.256000000000000227e+01 -8.438848240966918013e+01
8.303999999999999204e+01 -8.467254877441463634e+01
8.351999999999999602e+01 -8.482395757598332864e+01
8.400000000000000000e+01 -8.465285053502722690e+01
8.447999999999998977e+01 -8.442387145698488382e+01
8.495999999999999375e+01 -8.438421932985788487e+01
8.543999999999999773e+01 -8.441168546535494954e+01
8.592000000000000171e+01 -8.458128612417502268e+01
8.639999999999999147e+01 -8.452232733639617379e+01
8.687999999999999545e+01 -8.468597274535261477e+01
8.735999999999999943e+01 -8.464269363767053278e+01
8.784000000000000341e+01 -8.436300238379524785e+01
8.831999999999999318e+01 -8.442259515133247305e+01
8.879999999999999716e+01 -8.459696196766286391e+01
8.928000000000000114e+01 -8.463555062285328745e+01
8.975999999999999091e+01 -8.488401218181151364e+01
9.023999999999999488e+01 -8.502678904716489683e+01
9.071999999999999886e+01 -8.496374134982430348e+01
9.120000000000000284e+01 -8.490507631183032800e+01
9.167999999999999261e+01 -8.461049318196896252e+01
9.215999999999999659e+01 -8.455461140569723000e+01
9.264000000000000057e+01 -8.496356056496752274e+01
9.311999999999999034e+01 -8.530149252731820297e+01
9.359999999999999432e+01 -8.512309157878357269e+01
9.407999999999999829e+01 -8.509675445746593425e+01
9.456000000000000227e+01 -8.510689552898455190e+01
9.503999999999999204e+01 -8.526493299737252585e+01
9.551999999999999602e+01 -8.539122544942806314e+01
9.600000000000000000e+01 -8.511614144329270459e+01
9.647999999999998977e+01 -8.490272609031622153e+01
9.695999999999999375e+01 -8.529586470051320646e+01
9.743999999999999773e+01 -8.512611688987959724e+01
9.792000000000000171e+01 -8.483867931238464166e+01
9.839999999999999147e+01 -8.514183827808003002e+01
9.887999999999999545e+01 -8.542262208854626238e+01
9.935999999999999943e+01 -8.535210191020532022e+01
9.984000000000000341e+01 -8.523308664494979325e+01
1.003199999999999932e+02 -8.490741512443621275e+01
1.007999999999999972e+02 -8.500222879275139576e+01
1.012800000000000011e+02 -8.563101677083778895e+01
1.017599999999999909e+02 -8.597210016100456187e+01
1.022399999999999949e+02 -8.588288802268272093e+01
1.027199999999999989e+02 -8.603852036184292729e+01
1.032000000000000028e+02 -8.627373176306053892e+01
1.036799999999999926e+02 -8.705389686264379634e+01
1.041599999999999966e+02 -8.754142652595795937e+01
1.046400000000000006e+02 -8.771899147020313592e+01
1.051199999999999903e+02 -8.816449656705502491e+01
1.055999999999999943e+02 -8.864926338583941856e+01
1.060799999999999983e+02 -8.911921637748761782e+01
1.065600000000000023e+02 -8.988613195768073183e+01
1.070399999999999920e+02 -9.059959157727986678e+01
1.075199999999999960e+02 -9.102707363253735195e+01
1.080000000000000000e+02 -9.183931886328609551e+01
1.084799999999999898e+02 -9.262158406029368507e+01
1.089599999999999937e+02 -9.349996851312576496e+01
1.094399999999999977e+02 -9.442940216693622801e+01
1.099200000000000017e+02 -9.481046719439909509e+01
1.103999999999999915e+02 -9.510948243655266765e+01
1.108799999999999955e+02 -9.580533415452316603e+01
1.113599999999999994e+02 -9.642624752262135246e+01
1.118399999999999892e+02 -9.714924285775404655e+01
1.123199999999999932e+02 -9.746265878550957495e+01
1.127999999999999972e+02 -9.741747281833676197e+01
1.132800000000000011e+02 -9.753408861161305765e+01
1.137599999999999909e+02 -9.811099935141741923e+01
1.142399999999999949e+02 -9.821523552517112421e+01
1.147199999999999989e+02 -9.883240445092978632e+01
1.151999999999999886e+02 -9.940543357567783289e+01
1.156799999999999926e+02 -9.949482475195947018e+01
1.161599999999999966e+02 -9.938511541409513939e+01
1.166400000000000006e+02 -9.978254203415316681e+01
1.171199999999999903e+02 -1.002375367883945785e+02
1.175999999999999943e+02 -1.000729270565025644e+02
1.180799999999999983e+02 -1.003655468426966735e+02
1.185600000000000023e+02 -1.007669612594281148e+02
1.190399999999999920e+02 -1.007520802372493449e+02
1.195199999999999960e+02 -1.004793854884706548e+02
1.200000000000000000e+02 -1.004577818181692663e+02
1.204799999999999898e+02 -1.004225843189202436e+02
1.209599999999999937e+02 -1.003543706648224259e+02
1.214399999999999977e+02 -1.002750564509898936e+02
1.219200000000000017e+02 -1.001473376581249255e+02
1.223999999999999915e+02 -9.972461588802822519e+01
