-1.228799999999999955e+02 -1.045959430460877257e+02
-1.223999999999999915e+02 -1.059052345505336348e+02
-1.219200000000000017e+02 -1.065192319195138992e+02
-1.214399999999999977e+02 -1.064887881033734800e+02
-1.209599999999999937e+02 -1.063143935509257858e+02
-1.204799999999999898e+02 -1.060629822223600911e+02
-1.200000000000000000e+02 -1.059975989134710233e+02
-1.195199999999999960e+02 -1.060911646709538445e+02
-1.190399999999999920e+02 -1.063193681623653788e+02
-1.185600000000000023e+02 -1.063416596395167630e+02
-1.180799999999999983e+02 -1.061932598391781823e+02
-1.175999999999999943e+02 -1.061425817937049203e+02
-1.171199999999999903e+02 -1.061731697805496708e+02
-1.166400000000000006e+02 -1.062747299254815800e+02
-1.161599999999999966e+02 -1.060965481335289837e+02
-1.156799999999999926e+02 -1.060998442215842488e+02
-1.151999999999999886e+02 -1.061715246895230393e+02
-1.147199999999999989e+02 -1.060759050131332657e+02
-1.142399999999999949e+02 -1.057784936918124856e+02
-1.137599999999999909e+02 -1.054481918887226186e+02
-1.132800000000000011e+02 -1.051833989300307337e+02
-1.127999999999999972e+02 -1.046040172363396579e+02
-1.123199999999999932e+02 -1.035166343984535189e+02
-1.118399999999999892e+02 -1.023145696456442124e+02
-1.113599999999999994e+02 -1.010661698161609650e+02
-1.108799999999999955e+02 -9.947597549719384347e+01
-1.103999999999999915e+02 -9.759871340279842400e+01
-1.099200000000000017e+02 -9.609675290222648414e+01
-1.094399999999999977e+02 -9.470009749555669032e+01
-1.089599999999999937e+02 -9.346696347959712625e+01
-1.084799999999999898e+02 -9.236141245449462645e+01
-1.080000000000000000e+02 -9.100608824639628835e+01
-1.075199999999999960e+02 -8.997835843640413600e+01
-1.070399999999999920e+02 -8.933599400040490934e+01
-1.065600000000000023e+02 -8.834344646369025611e+01
-1.060799999999999983e+02 -8.724221804825864979e+01
-1.055999999999999943e+02 -8.659785184022923943e+01
-1.051199999999999903e+02 -8.603509556696155869e+01
-1.046400000000000006e+02 -8.532506996097160368e+01
-1.041599999999999966e+02 -8.476318250619956984e+01
-1.036799999999999926e+02 -8.428538044210981184e+01
-1.032000000000000028e+02 -8.403674829895223297e+01
-1.027199999999999989e+02 -8.385045299184598377e+01
-1.022399999999999949e+02 -8.362660824707768370e+01
-1.017599999999999909e+02 -8.339336919699829309e+01
-1.012800000000000011e+02 -8.289683936411982756e+01
-1.007999999999999972e+02 -8.265447076790360370e+01
-1.003199999999999932e+02 -8.250959273951389150e+01
-9.984000000000000341e+01 -8.240065254336528255e+01
-9.935999999999999943e+01 -8.235416389382118041e+01
-9.887999999999999545e+01 -8.231392638899036740e+01
-9.839999999999999147e+01 -8.217308159563881986e+01
-9.792000000000000171e+01 -8.214580151924282347e+01
-9.743999999999999773e+01 -8.202548000626532598e+01
-9.695999999999999375e+01 -8.176771817867967229e+01
-9.647999999999998977e+01 -8.127182353347802746e+01
-9.600000000000000000e+01 -8.113340586176829561e+01
-9.551999999999999602e+01 -8.133230576907104137e+01
-9.503999999999999204e+01 -8.139055595971170476e+01
-9.456000000000000227e+01 -8.129024566954642239e+01
-9.407999999999999829e+01 -8.107478070434399342e+01
-9.359999999999999432e+01 -8.100095291942744780e+01
-9.311999999999999034e+01 -8.089015018146628222e+01
-9.264000000000000057e+01 -8.080933065838705431e+01
-9.215999999999999659e+01 -8.102965142247752794e+01
-9.167999999999999261e+01 -8.092618139256049403e+01
-9.120000000000000284e+01 -8.015366879783897502e+01
-9.071999999999999886e+01 -8.001448758800385974e+01
-9.023999999999999488e+01 -7.995877446061726346e+01
-8.975999999999999091e+01 -8.003795401320991232e+01
-8.928000000000000114e+01 -7.993153015818879226e+01
-8.879999999999999716e+01 -8.011706852054061301e+01
-8.831999999999999318e+01 -8.016245135604110317e+01
-8.784000000000000341e+01 -7.980564956915829100e+01
-8.735999999999999943e+01 -7.965367447566950432e+01
-8.687999999999999545e+01 -7.927018867488303044e+01
-8.639999999999999147e+01 -7.875368713689843503e+01
-8.592000000000000171e+01 -7.900345182605694561e+01
-8.543999999999999773e+01 -7.920744920757226737e+01
-8.495999999999999375e+01 -7.901100436494940027e+01
-8.447999999999998977e+01 -7.865518360207691728e+01
-8.400000000000000000e+01 -7.853350474208144760e+01
-8.351999999999999602e+01 -7.856624939485195114e+01
-8.303999999999999204e+01 -7.871932506946851049e+01
-8.256000000000000227e+01 -7.868419323068967230e+01
-8.207999999999999829e+01 -7.844769427941768924e+01
-8.159999999999999432e+01 -7.839626624911628028e+01
-8.111999999999999034e+01 -7.834773142848261784e+01
-8.064000000000000057e+01 -7.811048565861671023e+01
-8.015999999999999659e+01 -7.787748638703212123e+01
-7.967999999999999261e+01 -7.780470850292874729e+01
-7.920000000000000284e+01 -7.782817079094330381e+01
-7.871999999999999886e+01 -7.758472163015417777e+01
-7.823999999999999488e+01 -7.773091007770572958e+01
-7.775999999999999091e+01 -7.764036601384060532e+01
-7.728000000000000114e+01 -7.774651516680954444e+01
-7.679999999999999716e+01 -7.754288826406033763e+01
-7.631999999999999318e+01 -7.702500120308148723e+01
-7.584000000000000341e+01 -7.701267277585392890e+01
-7.535999999999999943e+01 -7.703521530165710374e+01
-7.487999999999999545e+01 -7.681342982109109130e+01
-7.439999999999999147e+01 -7.671069370728199033e+01
-7.392000000000000171e+01 -7.642708143174073143e+01
-7.343999999999999773e+01 -7.626880187807059031e+01
-7.295999999999999375e+01 -7.619157654210883379e+01
-7.248000000000000398e+01 -7.599545171558119705e+01
-7.200000000000000000e+01 -7.589868513354873869e+01
-7.151999999999999602e+01 -7.606515279323372170e+01
-7.103999999999999204e+01 -7.583749191729732786e+01
-7.056000000000000227e+01 -7.530192888410475405e+01
-7.007999999999999829e+01 -7.509645787377672832e+01
-6.959999999999999432e+01 -7.521863049275169999e+01
-6.912000000000000455e+01 -7.531160744655838357e+01
-6.864000000000000057e+01 -7.494020541493360099e+01
-6.815999999999999659e+01 -7.443323972431824131e+01
-6.767999999999999261e+01 -7.442538068744546820e+01
-6.720000000000000284e+01 -7.426714844205173449e+01
-6.671999999999999886e+01 -7.428608829082693887e+01
-6.623999999999999488e+01 -7.439867952668789997e+01
-6.575999999999999091e+01 -7.403985089765951955e+01
-6.528000000000000114e+01 -7.421812583549072428e+01
-6.479999999999999716e+01 -7.404922333058735262e+01
-6.431999999999999318e+01 -7.357702880240545085e+01
-6.383999999999999631e+01 -7.309528792464332980e+01
-6.335999999999999943e+01 -7.285293288306995407e+01
-6.287999999999999545e+01 -7.268375640784248048e+01
-6.239999999999999858e+01 -7.278109546319163314e+01
-6.191999999999999460e+01 -7.294795010349143638e+01
-6.143999999999999773e+01 -7.264385396111420334e+01
-6.096000000000000085e+01 -7.225754112966198761e+01
-6.047999999999999687e+01 -7.198026346167198142e+01
-6.000000000000000000e+01 -7.180651866516330983e+01
-5.951999999999999602e+01 -7.136671932558579101e+01
-5.903999999999999915e+01 -7.113206148797053174e+01
-5.855999999999999517e+01 -7.103971115012753046e+01
-5.807999999999999829e+01 -7.077060316287811759e+01
-5.759999999999999432e+01 -7.074353389533635550e+01
-5.711999999999999744e+01 -7.031412335439250683e+01
-5.664000000000000057e+01 -7.014419195688188324e+01
-5.615999999999999659e+01 -7.000944078476466359e+01
-5.567999999999999972e+01 -6.977061681125063330e+01
-5.519999999999999574e+01 -6.925364255729780893e+01
-5.471999999999999886e+01 -6.897798388200682496e+01
-5.423999999999999488e+01 -6.896442766409201397e+01
-5.375999999999999801e+01 -6.861539858487000743e+01
-5.328000000000000114e+01 -6.821873444908339934e+01
-5.279999999999999716e+01 -6.797988778627907891e+01
-5.232000000000000028e+01 -6.777884956444286502e+01
-5.183999999999999631e+01 -6.772656107149796867e+01
-5.135999999999999943e+01 -6.771869152449595219e+01
-5.087999999999999545e+01 -6.739469117127480047e+01
-5.039999999999999858e+01 -6.682093061762613218e+01
-4.992000000000000171e+01 -6.663406162603554606e+01
-4.943999999999999773e+01 -6.627302513744432133e+01
-4.896000000000000085e+01 -6.580914987793565274e+01
-4.847999999999999687e+01 -6.570100453397810725e+01
-4.800000000000000000e+01 -6.553423473125684495e+01
-4.751999999999999602e+01 -6.524251075291944346e+01
-4.703999999999999915e+01 -6.506675685743093140e+01
-4.655999999999999517e+01 -6.505528072166767117e+01
-4.607999999999999829e+01 -6.486014520474007838e+01
-4.560000000000000142e+01 -6.455325321011511619e+01
-4.511999999999999744e+01 -6.425840495393845231e+01
-4.464000000000000057e+01 -6.381501910810876410e+01
-4.415999999999999659e+01 -6.362680360247122735e+01
-4.367999999999999972e+01 -6.328291952563241551e+01
-4.319999999999999574e+01 -6.275208603096861282e+01
-4.271999999999999886e+01 -6.226944779658054330e+01
-4.223999999999999488e+01 -6.189775963898414091e+01
-4.175999999999999801e+01 -6.149535350034462766e+01
-4.128000000000000114e+01 -6.101504914630553600e+01
-4.079999999999999716e+01 -6.107284857825744950e+01
-4.032000000000000028e+01 -6.110272522243946725e+01
-3.983999999999999631e+01 -6.083020954677469661e+01
-3.935999999999999943e+01 -6.047016682341391913e+01
-3.887999999999999545e+01 -6.002868354837572440e+01
-3.839999999999999858e+01 -5.962583323599281471e+01
-3.792000000000000171e+01 -5.933953933590024832e+01
-3.743999999999999773e+01 -5.884562861904178277e+01
-3.696000000000000085e+01 -5.847990329201910242e+01
-3.647999999999999687e+01 -5.838136422794772784e+01
-3.600000000000000000e+01 -5.797463412366244739e+01
-3.551999999999999602e+01 -5.726057099622855162e+01
-3.503999999999999915e+01 -5.692817439777394384e+01
-3.456000000000000227e+01 -5.687393640505699466e+01
-3.407999999999999829e+01 -5.667579853800194201e+01
-3.360000000000000142e+01 -5.628381277545723549e+01
-3.311999999999999744e+01 -5.589478768798252162e+01
-3.264000000000000057e+01 -5.578006649451880605e+01
-3.215999999999999659e+01 -5.534439560766166721e+01
-3.167999999999999972e+01 -5.500787602483201510e+01
-3.119999999999999929e+01 -5.479514508691206487e+01
-3.071999999999999886e+01 -5.435996309682300875e+01
-3.023999999999999844e+01 -5.400759695773466973e+01
-2.975999999999999801e+01 -5.370111811314848893e+01
-2.927999999999999758e+01 -5.332858319020446203e+01
-2.879999999999999716e+01 -5.294484707988893746e+01
-2.832000000000000028e+01 -5.255457525168552735e+01
-2.783999999999999986e+01 -5.214345442834886057e+01
-2.735999999999999943e+01 -5.164441410328586102e+01
-2.687999999999999901e+01 -5.089545104984437529e+01
-2.639999999999999858e+01 -5.036793403847178041e+01
-2.591999999999999815e+01 -4.961019741704389219e+01
-2.543999999999999773e+01 -4.899262007805737085e+01
-2.496000000000000085e+01 -4.859814750341919876e+01
-2.448000000000000043e+01 -4.828763833962425167e+01
-2.400000000000000000e+01 -4.766368434874156179e+01
-2.351999999999999957e+01 -4.709035208583186716e+01
-2.303999999999999915e+01 -4.673601374398009511e+01
-2.255999999999999872e+01 -4.643863862334511339e+01
-2.207999999999999829e+01 -4.588917053085835818e+01
-2.159999999999999787e+01 -4.549190249919591622e+01
-2.111999999999999744e+01 -4.459125350539566313e+01
-2.064000000000000057e+01 -4.406565812040095409e+01
-2.016000000000000014e+01 -4.368786918203617375e+01
-1.967999999999999972e+01 -4.323861434470207143e+01
-1.919999999999999929e+01 -4.320551523301556074e+01
-1.871999999999999886e+01 -4.311191860675820919e+01
-1.823999999999999844e+01 -4.264233095209405633e+01
-1.775999999999999801e+01 -4.202530576497670722e+01
-1.728000000000000114e+01 -4.183815997079439342e+01
-1.680000000000000071e+01 -4.178882500655342369e+01
-1.632000000000000028e+01 -4.149315538778415657e+01
-1.583999999999999986e+01 -4.117405673788663734e+01
-1.535999999999999943e+01 -4.087172239915425820e+01
-1.487999999999999901e+01 -4.073113481768983490e+01
-1.439999999999999858e+01 -4.032614762341212611e+01
-1.391999999999999993e+01 -3.976344708883194556e+01
-1.343999999999999950e+01 -3.975172904433809151e+01
-1.295999999999999908e+01 -3.951144163187935732e+01
-1.248000000000000043e+01 -3.898238249375580011e+01
-1.200000000000000000e+01 -3.891783289719798233e+01
-1.151999999999999957e+01 -3.879214174728686970e+01
-1.103999999999999915e+01 -3.853399811548920439e+01
-1.055999999999999872e+01 -3.826598264676582772e+01
-1.008000000000000007e+01 -3.296934297047455686e+01
-9.599999999999999645e+00 -2.582132186105135219e+01
-9.119999999999999218e+00 -2.326709241584424959e+01
-8.640000000000000568e+00 -2.306732460673483232e+01
-8.160000000000000142e+00 -2.308719997997849305e+01
-7.679999999999999716e+00 -2.293081369550478144e+01
-7.199999999999999289e+00 -2.284420746177735850e+01
-6.719999999999999751e+00 -2.303571560598371804e+01
-6.240000000000000213e+00 -2.301079566065992310e+01
-5.759999999999999787e+00 -2.284518577743158829e+01
-5.279999999999999361e+00 -2.283748601005886414e+01
-4.799999999999999822e+00 -2.281033278528356689e+01
-4.320000000000000284e+00 -2.294038797478245684e+01
-3.839999999999999858e+00 -2.305397171295979675e+01
-3.359999999999999876e+00 -2.309872574713288529e+01
-2.879999999999999893e+00 -2.310432190813046205e+01
-2.399999999999999911e+00 -2.303602974559991523e+01
-1.919999999999999929e+00 -2.317353704939836234e+01
-1.439999999999999947e+00 -2.310327940524139834e+01
-9.599999999999999645e-01 -2.300250450551878956e+01
-4.799999999999999822e-01 -2.313058639799855953e+01
0.000000000000000000e+00 -2.316243197818376132e+01
4.799999999999999822e-01 -2.290258700636236711e+01
9.599999999999999645e-01 -2.253415461830364208e+01
1.439999999999999947e+00 -2.292549245818613102e+01
1.919999999999999929e+00 -2.332978155409038123e+01
2.399999999999999911e+00 -2.309946989964035424e+01
2.879999999999999893e+00 -2.287844896517156457e+01
3.359999999999999876e+00 -2.270949464240004190e+01
3.839999999999999858e+00 -2.295661194435832897e+01
4.320000000000000284e+00 -2.330137981586367957e+01
4.799999999999999822e+00 -2.326750977830065636e+01
5.279999999999999361e+00 -2.308432578256146428e+01
5.759999999999999787e+00 -2.313388878561461226e+01
6.240000000000000213e+00 -2.326159964313184503e+01
6.719999999999999751e+00 -2.321548099699370482e+01
7.199999999999999289e+00 -2.309944884506984764e+01
7.679999999999999716e+00 -2.327342699505054213e+01
8.160000000000000142e+00 -2.325780407218638146e+01
8.640000000000000568e+00 -2.323633120260755902e+01
9.119999999999999218e+00 -2.361264951147802549e+01
9.599999999999999645e+00 -2.616260909413279379e+01
1.008000000000000007e+01 -3.343377596647361827e+01
1.055999999999999872e+01 -3.911268105974136944e+01
1.103999999999999915e+01 -3.960806265195039799e+01
1.151999999999999957e+01 -3.971751371486207915e+01
1.200000000000000000e+01 -3.998566784800723184e+01
1.248000000000000043e+01 -4.057734150673092444e+01
1.295999999999999908e+01 -4.074978119850850078e+01
1.343999999999999950e+01 -4.082082089723422769e+01
1.391999999999999993e+01 -4.088333320209901700e+01
1.439999999999999858e+01 -4.119379735781944873e+01
1.487999999999999901e+01 -4.179735921069097060e+01
1.535999999999999943e+01 -4.198706769067602096e+01
1.583999999999999986e+01 -4.226164292297607261e+01
1.632000000000000028e+01 -4.261588842461982551e+01
1.680000000000000071e+01 -4.275518411833878218e+01
1.728000000000000114e+01 -4.321321319118226967e+01
1.775999999999999801e+01 -4.399673330741193666e+01
1.823999999999999844e+01 -4.436696000646960414e+01
1.871999999999999886e+01 -4.469770461774746195e+01
1.919999999999999929e+01 -4.494557334708618157e+01
1.967999999999999972e+01 -4.525698127173441065e+01
2.016000000000000014e+01 -4.557364766603604522e+01
2.064000000000000057e+01 -4.602777002910414694e+01
2.111999999999999744e+01 -4.673127163535837525e+01
2.159999999999999787e+01 -4.683519370697655404e+01
2.207999999999999829e+01 -4.689296296335140823e+01
2.255999999999999872e+01 -4.741754402620546216e+01
2.303999999999999915e+01 -4.781213600095575345e+01
2.351999999999999957e+01 -4.843927049956602104e+01
2.400000000000000000e+01 -4.896957180517753017e+01
2.448000000000000043e+01 -4.961666612266745346e+01
2.496000000000000085e+01 -5.009667825609577108e+01
2.543999999999999773e+01 -5.058044105827816850e+01
2.591999999999999815e+01 -5.121163114029100427e+01
2.639999999999999858e+01 -5.184680057536483133e+01
2.687999999999999901e+01 -5.241091827554174643e+01
2.735999999999999943e+01 -5.308828426260122058e+01
2.783999999999999986e+01 -5.359056486620207949e+01
2.832000000000000028e+01 -5.399316844358971679e+01
2.879999999999999716e+01 -5.434988260782012759e+01
2.927999999999999758e+01 -5.449215703232823671e+01
2.975999999999999801e+01 -5.501617042753039044e+01
3.023999999999999844e+01 -5.527154893679003322e+01
3.071999999999999886e+01 -5.539600638693273282e+01
3.119999999999999929e+01 -5.567700802715191344e+01
3.167999999999999972e+01 -5.585323396415379449e+01
3.215999999999999659e+01 -5.602318180741984577e+01
3.264000000000000057e+01 -5.607891363290434583e+01
3.311999999999999744e+01 -5.639095193066006573e+01
3.360000000000000142e+01 -5.686426165704662594e+01
3.407999999999999829e+01 -5.712717911383145264e+01
3.456000000000000227e+01 -5.744087841242850345e+01
3.503999999999999915e+01 -5.740746419685362412e+01
3.551999999999999602e+01 -5.747982103506457463e+01
3.600000000000000000e+01 -5.788159410593462439e+01
3.647999999999999687e+01 -5.807079177924148894e+01
3.696000000000000085e+01 -5.850534295812841634e+01
3.743999999999999773e+01 -5.870693251453737105e+01
3.792000000000000171e+01 -5.899152595451847958e+01
3.839999999999999858e+01 -5.940837093478388908e+01
3.887999999999999545e+01 -5.959648432764976178e+01
3.935999999999999943e+01 -5.990975850683111048e+01
3.983999999999999631e+01 -6.042908368910082118e+01
4.032000000000000028e+01 -6.034214768137186269e+01
4.079999999999999716e+01 -6.054629523366748600e+01
4.128000000000000114e+01 -6.085896792191286409e+01
4.175999999999999801e+01 -6.081403948411788463e+01
4.223999999999999488e+01 -6.090656992387500424e+01
4.271999999999999886e+01 -6.131538844282523826e+01
4.319999999999999574e+01 -6.152880365283578357e+01
4.367999999999999972e+01 -6.167637496762183247e+01
4.415999999999999659e+01 -6.176351644646239691e+01
4.464000000000000057e+01 -6.216024831693236052e+01
4.511999999999999744e+01 -6.256863034770294263e+01
4.560000000000000142e+01 -6.311031094988609880e+01
4.607999999999999829e+01 -6.312767736432361687e+01
4.655999999999999517e+01 -6.297274406699146709e+01
4.703999999999999915e+01 -6.323979505907363574e+01
4.751999999999999602e+01 -6.365229659538562856e+01
4.800000000000000000e+01 -6.358152048456944527e+01
4.847999999999999687e+01 -6.375311714836009003e+01
4.896000000000000085e+01 -6.417207353803692627e+01
4.943999999999999773e+01 -6.463493629530320561e+01
4.992000000000000171e+01 -6.500944780852475446e+01
5.039999999999999858e+01 -6.503787632376550221e+01
5.087999999999999545e+01 -6.509326137855627792e+01
5.135999999999999943e+01 -6.540882679759450014e+01
5.183999999999999631e+01 -6.579228041537635363e+01
5.232000000000000028e+01 -6.613777815828424878e+01
5.279999999999999716e+01 -6.616568786386122270e+01
5.328000000000000114e+01 -6.620722142418583189e+01
5.375999999999999801e+01 -6.623341082107515376e+01
5.423999999999999488e+01 -6.645786760418521055e+01
5.471999999999999886e+01 -6.693972999887277808e+01
5.519999999999999574e+01 -6.735629026706075706e+01
5.567999999999999972e+01 -6.769881926669084748e+01
5.615999999999999659e+01 -6.782159863193308524e+01
5.664000000000000057e+01 -6.774399837133992719e+01
5.711999999999999744e+01 -6.805785387052358715e+01
5.759999999999999432e+01 -6.856204376708663517e+01
5.807999999999999829e+01 -6.868205861114878985e+01
5.855999999999999517e+01 -6.890386062376126119e+01
5.903999999999999915e+01 -6.896780865657301263e+01
5.951999999999999602e+01 -6.908874301691017195e+01
6.000000000000000000e+01 -6.920039673360125221e+01
6.047999999999999687e+01 -6.955517398295157250e+01
6.096000000000000085e+01 -7.010141739086908785e+01
6.143999999999999773e+01 -7.045230533193473832e+01
6.191999999999999460e+01 -7.074221193672843810e+01
6.239999999999999858e+01 -7.079475417667011072e+01
6.287999999999999545e+01 -7.109374937457762655e+01
6.335999999999999943e+01 -7.124127006792944883e+01
6.383999999999999631e+01 -7.129378745179954535e+01
6.431999999999999318e+01 -7.135229575374043520e+01
6.479999999999999716e+01 -7.163624411163408467e+01
6.528000000000000114e+01 -7.212121852447106107e+01
6.575999999999999091e+01 -7.235160874274482978e+01
6.623999999999999488e+01 -7.251398348230249269e+01
6.671999999999999886e+01 -7.275188828069522629e+01
6.720000000000000284e+01 -7.283960307108010568e+01
6.767999999999999261e+01 -7.307872997331477904e+01
6.815999999999999659e+01 -7.309685887825311568e+01
6.864000000000000057e+01 -7.301018861985815533e+01
6.912000000000000455e+01 -7.345406137554618908e+01
6.959999999999999432e+01 -7.373490271864788781e+01
7.007999999999999829e+01 -7.394149740859657527e+01
7.056000000000000227e+01 -7.440350248764089258e+01
7.103999999999999204e+01 -7.456734763829015833e+01
7.151999999999999602e+01 -7.460960985517220934e+01
7.200000000000000000e+01 -7.509906853918158731e+01
7.248000000000000398e+01 -7.537404041943618438e+01
7.295999999999999375e+01 -7.550404952947589265e+01
7.343999999999999773e+01 -7.534531869812630589e+01
7.392000000000000171e+01 -7.567277033539694742e+01
7.439999999999999147e+01 -7.595714800749966855e+01
7.487999999999999545e+01 -7.575438628124797447e+01
7.535999999999999943e+01 -7.626811862600615655e+01
7.584000000000000341e+01 -7.672670129273045347e+01
7.631999999999999318e+01 -7.701393345939872859e+01
7.679999999999999716e+01 -7.725213126374049466e+01
7.728000000000000114e+01 -7.740750862099235974e+01
7.775999999999999091e+01 -7.740899591554875769e+01
7.823999999999999488e+01 -7.755127608683829976e+01
7.871999999999999886e+01 -7.784949047820347801e+01
7.920000000000000284e+01 -7.781676000899980750e+01
7.967999999999999261e+01 -7.806989219043698824e+01
8.015999999999999659e+01 -7.846508297560831124e+01
8.064000000000000057e+01 -7.841231589437290950e+01
8.111999999999999034e+01 -7.885694400324734943e+01
8.159999999999999432e+01 -7.878002795470050046e+01
8.207999999999999829e+01 -7.853585236792829960e+01
8.256000000000000227e+01 -7.887716410854152116e+01
8.303999999999999204e+01 -7.918383253209474049e+01
8.351999999999999602e+01 -7.935153790257157880e+01
8.400000000000000000e+01 -7.931420581084722699e+01
8.447999999999998977e+01 -7.916310477042264893e+01
8.495999999999999375e+01 -7.951331079768300469e+01
8.543999999999999773e+01 -7.956654713722659267e+01
8.592000000000000171e+01 -7.953619800898516701e+01
8.639999999999999147e+01 -7.966488698926524137e+01
8.687999999999999545e+01 -7.982255718832890068e+01
8.735999999999999943e+01 -8.018097977065473003e+01
8.784000000000000341e+01 -8.051631542017076981e+01
8.831999999999999318e+01 -8.058673807403178557e+01
8.879999999999999716e+01 -8.062205077272881226e+01
8.928000000000000114e+01 -8.076858760811440163e+01
8.975999999999999091e+01 -8.126254622330330335e+01
9.023999999999999488e+01 -8.139796315893866563e+01
9.071999999999999886e+01 -8.121973116152227590e+01
9.120000000000000284e+01 -8.126221218586115924e+01
9.167999999999999261e+01 -8.145033216699837908e+01
9.215999999999999659e+01 -8.172718055257365677e+01
9.264000000000000057e+01 -8.221752387793002015e+01
9.311999999999999034e+01 -8.227665482748199111e+01
9.359999999999999432e+01 -8.199086942019712865e+01
9.407999999999999829e+01 -8.206061087980913271e+01
9.456000000000000227e+01 -8.218334243045191556e+01
9.503999999999999204e+01 -8.230270545839570673e+01
9.551999999999999602e+01 -8.238404729420537365e+01
9.600000000000000000e+01 -8.237365344432620873e+01
9.647999999999998977e+01 -8.232715521924767188e+01
9.695999999999999375e+01 -8.244536968018206835e+01
9.743999999999999773e+01 -8.230405481703962778e+01
9.792000000000000171e+01 -8.205452502752642374e+01
9.839999999999999147e+01 -8.227995406652640042e+01
9.887999999999999545e+01 -8.266751119523702585e+01
9.935999999999999943e+01 -8.305709647969797516e+01
9.984000000000000341e+01 -8.321364390067972749e+01
1.003199999999999932e+02 -8.290515656956455359e+01
1.007999999999999972e+02 -8.289101678149570773e+01
1.012800000000000011e+02 -8.352626020302363941e+01
1.017599999999999909e+02 -8.413829638881765050e+01
1.022399999999999949e+02 -8.410043340370783937e+01
1.027199999999999989e+02 -8.433877210702958394e+01
1.032000000000000028e+02 -8.463371464095632746e+01
1.036799999999999926e+02 -8.531441391081392567e+01
1.041599999999999966e+02 -8.578981277113994963e+01
1.046400000000000006e+02 -8.597191313745682351e+01
1.051199999999999903e+02 -8.688339742818246236e+01
1.055999999999999943e+02 -8.795898467401826792e+01
1.060799999999999983e+02 -8.827529896922705177e+01
1.065600000000000023e+02 -8.888487712775896910e+01
1.070399999999999920e+02 -8.968368739673168477e+01
1.075199999999999960e+02 -9.020352934223555508e+01
1.080000000000000000e+02 -9.133747310973262756e+01
1.084799999999999898e+02 -9.260932956554691486e+01
1.089599999999999937e+02 -9.369091644864414548e+01
1.094399999999999977e+02 -9.480020841947808208e+01
1.099200000000000017e+02 -9.605403649423496404e+01
1.103999999999999915e+02 -9.777930044709012236e+01
1.108799999999999955e+02 -9.941817937343037670e+01
1.113599999999999994e+02 -1.009345375106005207e+02
1.118399999999999892e+02 -1.021873375445326957e+02
1.123199999999999932e+02 -1.035664910061127699e+02
1.127999999999999972e+02 -1.047890658709908962e+02
1.132800000000000011e+02 -1.051495785957661155e+02
1.137599999999999909e+02 -1.056108297637013749e+02
1.142399999999999949e+02 -1.057827620513396596e+02
1.147199999999999989e+02 -1.058625268478358805e+02
1.151999999999999886e+02 -1.063841704691907211e+02
1.156799999999999926e+02 -1.064468833604498172e+02
1.161599999999999966e+02 -1.064287902223896367e+02
1.166400000000000006e+02 -1.061977340765119493e+02
1.171199999999999903e+02 -1.061096006616237446e+02
1.175999999999999943e+02 -1.060347023264284303e+02
1.180799999999999983e+02 -1.062618556922276838e+02
1.185600000000000023e+02 -1.064996711805173533e+02
1.190399999999999920e+02 -1.063485145106108405e+02
1.195199999999999960e+02 -1.061157127142633101e+02
1.200000000000000000e+02 -1.060528867497680636e+02
1.204799999999999898e+02 -1.061028223587373276e+02
1.209599999999999937e+02 -1.063151786486837267e+02
1.214399999999999977e+02 -1.062679493819119330e+02
1.219200000000000017e+02 -1.059944149815400039e+02
1.223999999999999915e+02 -1.053641139188373472e+02
